3 8 38.0 T
10 16 35.3 T
12 18 37.8 T
14 19 35.9 T
20 23 35.3 T
22 25 36.6 T
23 25 37.8 T
30 29 36.4 T
40 36 33.0 T
42 38 35.2 T
46 38 36.0 T
50 38 37.2 T
51 38 37.9 T
52 38 38.0 T
55 40 38.3 T
57 40 36.9 T
58 43 37.2 T
59 43 37.7 T
60 43 37.0 T
63 44 37.2 T
65 44 36.6 T
72 50 36.9 T
74 53 37.4 T
83 58 36.3 T
88 59 36.5 T
89 63 36.4 T
97 1 14.0 G
99 62 34.9 T
103 1 23.0 G
115 53 35.9 T
117 54 34.1 T
119 49 35.1 T
125 53 36.5 T
127 54 35.6 T
129 57 34.6 T
131 56 36.6 T
133 60 35.6 T
134 58 36.6 T
135 56 36.7 T
138 51 35.1 T
139 51 35.9 T
142 49 36.1 T
146 55 33.0 T
149 55 34.4 T
152 55 35.9 T
154 54 36.1 T
155 54 37.4 T
157 51 36.7 T
158 51 36.5 T
159 51 35.7 T
161 50 37.4 T
162 1 16.0 C
168 63 36.4 T
172 62 33.7 T
173 62 35.7 T
177 62 34.0 T
179 63 35.4 T
180 65 36.1 T
192 67 35.0 T
195 69 35.3 T
196 69 35.5 T
206 75 36.0 T
208 81 34.9 T
209 81 36.8 T
212 82 36.3 T
213 82 36.8 T
216 85 35.7 T
217 85 35.5 T
220 87 35.8 T
223 85 35.5 T
224 85 36.9 T
226 88 37.1 T
233 92 36.1 T
236 92 36.5 T
239 93 36.2 T
245 90 36.3 T
246 90 37.0 T
247 3 15.3 G
252 89 37.2 T
254 89 36.6 T
265 71 33.8 T
266 73 35.2 T
267 73 36.4 T
270 1 16.0 A
279 67 35.7 T
281 1 14.0 A
282 66 36.5 T
291 1 14.0 A
292 52 35.4 T
293 52 33.7 T
294 51 35.2 T
310 3 14.3 T
318 31 32.0 T
319 34 33.7 T
321 36 33.4 T
333 58 34.4 T
334 61 36.1 T
342 100 33.9 T
344 104 33.6 T
346 106 35.7 T
372 112 35.6 T
380 1 15.0 G
383 121 35.7 T
391 128 33.1 T
392 131 33.3 T
393 130 35.2 T
398 131 35.1 T
399 132 33.9 T
400 132 35.4 T
401 132 36.2 T
403 127 36.2 T
405 125 36.3 T
406 126 37.0 T
407 116 37.6 T
408 94 38.0 T
409 1 13.0 G
414 82 35.4 T
416 75 36.4 T
421 68 36.6 T
422 69 36.4 T
423 65 36.3 T
424 62 37.0 T
430 54 36.3 T
442 37 29.7 T
449 33 31.7 T
450 33 34.5 T
452 33 33.1 T
453 35 35.6 T
454 35 34.0 T
455 35 35.4 T
458 1 15.0 C
459 1 15.0 C
460 34 27.3 T
466 31 28.8 T
471 33 28.3 T
474 31 29.6 T
477 30 29.0 T
480 26 30.5 T
482 25 30.3 T
485 20 28.7 T
489 18 30.8 T
494 1 16.0 C
504 14 23.5 T
507 12 24.5 T
528 6 18.0 T
531 5 22.2 T
532 1 16.0 A
539 5 21.6 T
650 109 36.8 T
654 109 36.7 T
655 109 37.2 T
656 109 37.6 T
659 109 38.3 T
662 109 37.8 T
667 109 38.1 T
668 109 37.0 T
669 109 37.7 T
671 109 37.7 T
673 109 38.0 T
674 109 37.9 T
678 109 37.2 T
680 108 37.1 T
681 109 36.9 T
684 109 38.0 T
689 109 36.3 T
690 109 37.1 T
696 109 37.2 T
704 108 36.5 T
710 109 35.7 T
711 109 36.0 T
716 108 33.1 T
742 1 40.0 T
758 2 40.0 T
773 8 35.9 T
779 8 29.2 T
788 17 32.1 T
789 18 34.4 T
794 20 35.5 T
821 32 37.0 T
824 32 37.2 T
830 39 37.4 T
831 38 37.1 T
832 39 37.7 T
838 49 36.6 T
848 70 36.3 T
849 70 36.7 T
850 79 36.7 T
854 82 36.8 T
859 86 36.5 T
861 87 37.3 T
864 86 38.0 T
875 93 37.6 T
876 93 38.2 T
879 94 37.8 T
883 102 37.6 T
884 108 37.1 T
885 108 37.9 T
888 103 38.7 T
895 1 16.0 C
898 1 16.0 C
903 111 36.2 T
907 1 15.0 A
909 1 16.0 G
911 100 34.1 T
912 104 36.4 T
921 106 37.2 T
925 105 37.3 T
932 2 15.0 C
937 117 36.5 T
944 136 37.4 T
946 139 35.8 T
947 139 35.6 T
948 136 35.9 T
949 137 37.3 T
953 133 37.1 T
961 148 34.4 T
963 1 13.0 C
968 152 36.5 T
974 159 36.4 T
980 156 37.4 T
985 155 38.4 T
986 1 13.0 G
989 165 36.9 T
990 165 36.7 T
992 167 37.2 T
1000 172 35.7 T
1002 1 16.0 C
1005 216 36.4 T
1006 220 35.8 T
1014 1 15.0 A
1016 221 36.9 T
1021 220 36.1 T
1027 1 15.0 A
1029 212 38.1 T
1033 200 34.8 T
1034 201 35.7 T
1035 200 36.3 T
1040 187 37.5 T
1042 179 36.6 T
1044 177 36.4 T
1055 161 35.8 T
1059 157 35.7 T
1071 94 36.7 T
1076 88 34.7 T
1077 87 36.7 T
1081 87 34.9 T
1089 68 37.3 T
1091 66 35.7 T
1094 60 34.9 T
1095 61 36.6 T
1101 64 36.0 T
1107 47 35.9 T
1114 44 34.9 T
1115 45 35.2 T
1119 43 34.6 T
1129 39 36.4 T
1132 35 31.9 T
1144 30 35.3 T
1157 23 30.5 T
1158 23 34.7 T
1164 23 34.4 T
1174 20 35.2 T
1177 1 40.0 C
1180 23 36.6 T
1183 26 36.0 T
1184 25 37.0 T
1187 23 36.5 T
1189 24 38.2 T
1193 30 35.3 T
1195 31 35.5 T
1205 51 36.3 T
1207 51 36.5 T
1208 64 36.5 T
1210 69 36.5 T
1212 76 37.0 T
1215 82 36.7 T
1219 92 36.9 T
1229 105 36.3 T
1235 113 37.7 T
1243 138 35.8 T
1245 139 37.1 T
1246 139 37.7 T
1248 1 16.0 C
1249 158 36.1 T
1255 170 36.7 T
1257 172 36.8 T
1259 176 36.7 T
1267 192 37.0 T
1269 196 36.6 T
1270 196 37.4 T
1281 205 36.6 T
1284 213 37.1 T
1291 225 35.9 T
1298 225 37.9 T
1308 229 37.9 T
1315 1 39.0 G
1316 231 37.8 T
1319 2 26.0 A
1323 1 16.0 G
1324 262 36.0 T
1325 265 36.4 T
1329 260 38.0 T
1335 268 38.1 T
1337 271 38.4 T
1344 263 36.9 T
1349 248 37.4 T
1359 270 37.7 T
1362 1 27.0 G
1364 270 36.8 T
1368 274 37.9 T
1369 276 37.3 T
1370 271 37.5 T
1371 270 37.9 T
1373 263 37.3 T
1375 1 16.0 C
1380 1 16.0 G
1386 250 37.7 T
1389 1 39.0 G
1391 234 37.6 T
1394 1 39.0 C
1397 230 37.0 T
1398 228 37.3 T
1400 220 37.1 T
1403 1 16.0 A
1406 204 37.4 T
1407 204 37.9 T
1410 2 38.0 G
1413 187 37.7 T
1420 164 36.7 T
1424 152 36.7 T
1425 152 37.1 T
1426 153 37.6 T
1432 144 37.9 T
1437 135 36.9 T
1443 134 37.3 T
1448 125 37.6 T
1451 116 36.9 T
1452 111 37.2 T
1455 98 37.6 T
1456 96 37.1 T
1468 74 37.4 T
1477 62 38.3 T
1490 41 37.4 T
1496 34 36.1 T
1499 32 38.0 T
1504 32 38.1 T
1506 32 36.2 T
1509 31 35.0 T
1510 32 36.7 T
1520 33 37.0 T
1521 33 35.8 T
1522 32 36.1 T
1526 30 36.6 T
1535 17 37.1 T
1541 15 35.1 T
1542 15 36.9 T
1543 15 36.8 T
1545 13 36.5 T
1547 13 37.5 T
1560 8 37.9 T
1563 8 37.0 T
1568 7 36.4 T
1571 7 38.1 T
1575 7 36.3 T
1577 7 37.7 T
1580 5 37.4 T
1587 5 36.6 T
1592 5 38.4 T
1593 5 34.8 T
1607 2 39.5 T
1609 2 39.5 T
1613 2 38.5 T
1614 2 39.5 T
1632 2 36.0 T
1633 2 37.5 T
1638 2 35.0 T
1639 2 36.5 T
1646 2 27.5 T
1647 2 33.5 T
1648 2 27.0 T
1653 2 39.0 T
1654 2 39.0 T
1658 2 39.5 T
1659 2 37.5 T
1666 2 34.5 T
1668 2 40.0 T
1673 88 36.8 T
1679 88 36.7 T
1694 88 35.2 T
1700 88 36.5 T
1701 88 36.5 T
1704 88 37.1 T
1716 114 35.7 T
1717 114 36.2 T
1728 114 36.5 T
1729 114 36.3 T
1730 114 35.8 T
1738 113 31.9 T
1743 26 38.9 T
1745 26 38.5 T
1752 26 35.2 T
1758 26 36.0 T
1759 26 36.3 T
1766 26 36.2 T
1774 31 36.0 T
1778 7 34.6 T
1780 7 35.1 T
1783 13 36.3 T
1799 17 35.7 T
1806 20 36.1 T
1807 20 35.8 T
1809 20 37.7 T
1819 37 36.6 T
1822 42 37.0 T
1824 42 37.4 T
1834 58 35.9 T
1841 62 35.6 T
1843 65 36.0 T
1847 70 36.7 T
1848 70 36.3 T
1850 74 36.2 T
1854 87 37.4 T
1857 93 36.0 T
1861 98 35.7 T
1862 105 36.5 T
1866 109 35.8 T
1872 114 36.8 T
1876 120 36.4 T
1877 120 36.9 T
1878 121 37.5 T
1896 147 37.4 T
1911 4 32.5 C
1920 173 35.5 T
1924 183 35.5 T
1930 1 38.0 C
1934 201 35.2 T
1944 1 16.0 C
1950 270 36.0 T
1952 274 35.3 T
1954 287 36.1 T
1956 300 37.4 T
1964 334 36.0 T
1967 340 37.7 T
1968 1 16.0 G
1969 1 40.0 G
1975 357 35.7 T
1976 375 35.6 T
1977 376 36.6 T
1979 377 37.1 T
1983 398 37.7 T
1990 1 27.0 G
1995 1 16.0 A
1998 419 37.0 T
2007 436 37.6 T
2010 444 37.0 T
2013 468 36.8 T
2017 480 37.5 T
2018 1 15.0 G
2020 489 36.3 T
2021 488 37.2 T
2023 458 38.1 T
2030 536 36.8 T
2035 556 36.5 T
2037 561 36.9 T
2038 564 37.8 T
2041 560 37.6 T
2042 564 37.7 T
2047 554 38.0 T
2048 556 38.0 T
2049 560 38.6 T
2053 556 37.0 T
2054 561 37.6 T
2055 558 37.9 T
2056 1 16.0 G
2069 603 35.9 T
2071 608 36.5 T
2075 613 36.7 T
2080 610 37.6 T
2081 622 37.7 T
2083 613 38.3 T
2085 2 16.0 A
2087 623 36.2 T
2088 629 36.1 T
2089 637 36.5 T
2093 654 37.7 T
2095 669 38.1 T
2096 679 38.0 T
2099 667 37.1 T
2104 1 16.0 A
2106 1 15.0 A
2114 1 34.0 C
2115 693 35.9 T
2117 702 36.8 T
2118 711 37.2 T
2119 715 36.9 T
2121 1 16.0 G
2122 1 27.0 A
2123 1 15.0 C
2124 1 36.0 A
2126 740 37.6 T
2129 1 16.0 G
2130 1 16.0 A
2132 1 16.0 A
2135 1 16.0 A
2138 750 37.7 T
2139 754 37.9 T
2140 2 13.5 G
2141 760 38.0 T
2150 759 36.8 T
2152 1 30.0 A
2157 760 36.2 T
2158 751 35.8 T
2159 770 36.5 T
2164 1 16.0 C
2167 1 16.0 A
2168 742 37.2 T
2171 743 38.0 T
2177 742 36.6 T
2181 1 16.0 A
2182 1 14.0 G
2188 1 13.0 A
2193 668 35.7 T
2194 668 36.7 T
2202 1 40.0 C
2204 623 35.3 T
2205 624 35.4 T
2207 1 40.0 A
2208 1 16.0 A
2211 630 35.4 T
2212 1 14.0 C
2222 596 36.0 T
2226 575 36.0 T
2232 1 16.0 A
2233 557 36.6 T
2239 1 15.0 A
2242 515 37.7 T
2244 507 36.9 T
2248 521 37.0 T
2253 505 35.4 T
2256 509 34.9 T
2263 1 16.0 C
2266 445 35.9 T
2267 442 36.9 T
2272 1 16.0 C
2275 419 36.9 T
2277 414 36.0 T
2279 409 36.3 T
2283 1 15.0 C
2285 414 37.5 T
2287 412 37.7 T
2291 1 16.0 A
2296 402 37.9 T
2299 404 37.5 T
2301 401 36.8 T
2302 403 37.5 T
2305 392 37.0 T
2307 389 36.8 T
2308 1 38.0 A
2311 381 37.4 T
2314 1 16.0 C
2316 371 37.1 T
2320 1 16.0 A
2324 368 38.2 T
2325 364 38.1 T
2327 357 35.7 T
2330 356 37.5 T
2331 1 40.0 C
2336 348 37.7 T
2342 352 37.4 T
2346 332 37.2 T
2351 322 35.8 T
2352 327 36.7 T
2358 1 13.0 A
2360 307 37.3 T
2364 1 39.0 C
2365 316 37.7 T
2370 1 13.0 A
2371 306 35.7 T
2372 306 37.0 T
2383 274 36.7 T
2385 267 36.6 T
2387 255 36.0 T
2392 245 36.2 T
2404 199 36.3 T
2407 192 35.4 T
2408 186 36.4 T
2410 182 36.1 T
2411 190 37.1 T
2416 179 35.3 T
2420 168 37.3 T
2422 158 37.3 T
2439 119 36.2 T
2442 113 34.5 T
2445 109 36.1 T
2455 92 34.6 T
2456 93 35.1 T
2457 7 37.3 A
2465 87 37.2 T
2475 75 36.9 T
2482 1 13.0 A
2483 85 36.2 T
2485 85 35.4 T
2486 85 36.9 T
2493 1 39.0 C
2495 80 38.0 T
2497 79 35.0 T
2498 79 34.9 T
2499 79 36.0 T
2510 47 37.4 T
2515 49 36.2 T
2517 49 37.4 T
2522 47 37.5 T
2529 48 38.0 T
2531 53 35.6 T
2532 54 36.8 T
2545 40 37.0 T
2552 47 37.3 T
2559 47 35.8 T
2561 50 37.3 T
2562 49 37.5 T
2563 48 37.4 T
2575 67 36.3 T
2580 77 36.7 T
2586 78 38.3 T
2594 100 36.8 T
2599 112 36.0 T
2602 124 36.9 T
2606 125 37.0 T
2607 125 37.7 T
2609 129 37.3 T
2610 129 37.5 T
2613 135 36.7 T
2614 135 37.2 T
2617 52 37.7 A
2618 146 37.3 T
2626 162 36.2 T
2628 164 36.8 T
2629 1 14.0 A
2630 168 36.3 T
2634 176 37.3 T
2638 189 34.7 T
2648 193 37.1 T
2649 193 37.6 T
2654 219 36.7 T
2656 223 37.9 T
2658 224 36.4 T
2660 229 36.4 T
2661 236 37.7 T
2664 242 37.5 T
2665 242 37.0 T
2666 241 36.8 T
2667 245 37.3 T
2669 1 16.0 A
2674 237 36.3 T
2679 231 36.4 T
2680 239 37.0 T
2681 1 16.0 G
2685 256 37.7 T
2691 258 36.4 T
2698 1 15.0 G
2703 1 14.0 C
2705 258 33.6 T
2706 2 15.5 A
2712 1 16.0 G
2714 2 15.5 A
2720 1 38.0 A
2729 275 32.9 T
2730 1 16.0 A
2731 278 34.9 T
2737 316 34.9 T
2738 320 36.9 T
2739 322 37.9 T
2740 1 16.0 A
2742 329 36.4 T
2743 338 36.3 T
2744 339 37.3 T
2746 342 36.1 T
2747 349 37.2 T
2748 1 16.0 A
2750 340 35.6 T
2758 1 27.0 G
2759 353 36.7 T
2761 1 16.0 C
2763 373 35.5 T
2766 1 36.0 C
2778 412 35.8 T
2779 1 13.0 C
2781 424 36.7 T
2786 456 36.3 T
2787 2 28.0 A
2795 448 36.4 T
2799 464 35.1 T
2800 445 35.5 T
2806 462 30.8 T
2807 476 30.4 T
2808 478 33.3 T
2812 502 35.7 T
2813 505 36.6 T
2820 1 14.0 A
2823 556 35.4 T
2831 1 16.0 G
2838 1 15.0 A
2841 620 35.7 T
2846 1 14.0 G
2847 1 39.0 C
2850 654 37.2 T
2853 1 40.0 A
2854 666 37.7 T
2855 3 18.0 G
2857 670 36.5 T
2863 667 36.4 T
2864 669 36.4 T
2866 1 40.0 A
2871 689 37.6 T
2879 2 14.5 A
2882 733 36.7 T
2883 1 14.0 A
2884 2 33.0 C
2885 742 37.2 T
2887 732 37.5 T
2890 728 35.9 T
2891 1 31.0 C
2892 2 23.5 A
2894 777 36.3 T
2895 790 36.8 T
2898 818 36.7 T
2903 874 37.2 T
2907 922 37.2 T
2908 925 37.6 T
2909 2 14.5 G
2914 1 16.0 A
2920 1 34.0 C
2924 965 37.2 T
2925 969 37.5 T
2930 988 36.5 T
2931 3 28.7 A
2933 1 16.0 G
2935 1 16.0 A
2936 1081 36.9 T
2938 1 16.0 A
2947 1130 36.2 T
2950 1153 37.2 T
2952 1188 37.1 T
2953 1196 37.3 T
2955 1207 37.7 T
2960 1247 36.4 T
2964 1276 37.0 T
2966 1290 36.6 T
2968 1 27.0 A
2971 1 13.0 A
2973 1288 37.1 T
2975 1 16.0 G
2976 2 21.5 G
2978 1279 36.4 T
2979 1278 36.9 T
2980 1279 37.4 T
2986 1 15.0 C
2987 1326 35.8 T
2991 1333 37.0 T
2993 1316 37.9 T
2994 1301 37.8 T
2995 7 14.9 G
2996 2 21.5 G
2997 1 15.0 A
2998 1273 35.5 T
3000 1 16.0 A
3006 1208 37.2 T
3012 1167 36.8 T
3015 1156 37.6 T
3016 3 14.3 G
3018 3 16.0 A
3019 1 15.0 G
3022 1 37.0 G
3024 1154 33.5 T
3026 1159 35.5 T
3027 1157 36.4 T
3031 2 16.0 G
3033 1069 37.8 T
3034 1053 37.5 T
3036 1 37.0 G
3037 1045 36.3 T
3038 1044 36.9 T
3039 1036 37.2 T
3041 1011 37.2 T
3042 1006 37.2 T
3046 1 16.0 C
3049 920 36.2 T
3050 914 37.3 T
3051 1 40.0 A
3053 1 27.0 A
3055 863 38.0 T
3056 1 30.0 C
3058 832 37.4 T
3062 809 38.2 T
3063 4 20.2 G
3065 775 36.6 T
3067 764 37.6 T
3068 2 13.5 G
3071 733 36.9 T
3072 714 37.2 T
3080 1 34.0 G
3081 1 13.0 A
3082 1 24.0 G
3083 616 37.1 T
3086 581 37.0 T
3092 521 36.9 T
3096 497 35.8 T
3097 497 36.3 T
3098 485 36.9 T
3100 473 37.3 T
3102 447 36.0 T
3104 430 36.1 T
3107 56 36.4 N
3108 400 37.3 T
3109 345 37.4 T
3111 1 16.0 A
3113 1 16.0 A
3114 348 37.3 T
3115 348 37.5 T
3118 319 36.6 T
3122 275 37.0 T
3124 257 38.1 T
3143 174 37.0 T
3150 150 37.1 T
3153 146 37.2 T
3154 140 37.7 T
3166 101 36.0 T
3167 100 36.5 T
3174 86 38.0 T
3178 81 37.2 T
3181 74 36.7 T
3183 70 36.0 T
3186 64 37.4 T
3188 59 35.8 T
3193 53 37.5 T
3194 52 37.7 T
3197 48 38.4 T
3199 47 37.6 T
3200 44 38.2 T
3202 43 38.7 T
3212 1 37.0 C
3227 22 38.5 T
3228 19 37.3 T
3229 17 36.9 T
3231 13 37.2 T
3232 9 35.9 T
3237 8 38.4 T
3250 3 38.0 T
3253 3 38.0 T
3258 5 31.8 T
3264 3 36.0 T
3265 3 36.3 T
3271 2 27.0 T
3272 2 21.5 T
3273 2 30.5 T
3278 2 33.0 T
3285 2 21.5 T
3286 2 25.5 T
3290 1 16.0 T
3291 2 21.5 T
3294 2 25.5 T
3296 2 31.0 T
3297 2 32.5 T
3299 2 25.5 T
3300 2 21.5 T
3308 19 36.0 T
3314 19 35.8 T
3319 1 16.0 A
3323 19 34.3 T
3326 19 37.6 T
3329 19 35.5 T
3332 18 37.3 T
3335 19 36.4 T
3336 19 35.5 T
3338 19 37.2 T
3344 19 35.8 T
3345 19 34.6 T
3347 19 36.8 T
3350 19 36.9 T
3356 17 36.2 T
3361 17 35.6 T
3362 17 35.9 T
3365 17 38.8 T
3368 17 36.3 T
3371 17 35.9 T
3372 17 35.9 T
3422 2 38.0 T
3423 2 39.0 T
3425 2 39.5 T
3433 2 37.5 T
3440 2 37.5 T
3443 2 35.5 T
3451 2 34.5 T
3452 2 39.5 T
3456 2 37.5 T
3464 2 39.5 T
3470 2 38.0 T
3472 2 38.0 T
3473 2 34.0 T
3502 1 27.0 T
3504 1 36.0 T
3509 1 16.0 T
3515 1 16.0 T
3517 1 16.0 T
3521 1 16.0 T
3535 1 34.0 T
3536 1 34.0 T
3540 1 16.0 T
3542 1 16.0 T
3548 1 16.0 T
3552 1 16.0 T
3554 1 27.0 T
3555 1 16.0 T
3557 1 27.0 T
3560 1 16.0 T
3562 1 27.0 T
3572 5 26.8 T
3578 4 34.5 T
3590 5 32.2 T
3593 4 37.2 T
3599 4 36.0 T
3605 4 38.7 T
3611 4 29.5 T
3614 4 38.7 T
3616 4 36.7 T
3617 8 35.2 T
3618 8 35.7 T
3620 8 34.0 T
3621 8 35.2 T
3623 14 37.1 T
3631 23 37.3 T
3633 25 37.7 T
3638 29 38.1 T
3644 33 35.6 T
3645 33 35.8 T
3646 33 37.5 T
3649 37 37.2 T
3653 38 36.7 T
3656 39 37.6 T
3658 39 38.8 T
3661 40 38.0 T
3667 46 37.5 T
3673 45 37.7 T
3679 54 35.3 T
3685 56 36.9 T
3692 64 36.9 T
3695 71 35.8 T
3701 1 14.0 C
3704 89 35.8 T
3713 103 37.3 T
3721 6 38.2 A
3725 104 36.3 T
3727 106 35.8 T
3730 107 38.0 T
3732 105 37.7 T
3733 1 15.0 G
3737 114 35.4 T
3742 1 16.0 C
3743 123 36.4 T
3749 135 36.7 T
3752 145 34.8 T
3753 148 35.9 T
3755 161 34.7 T
3758 178 35.9 T
3760 183 34.8 T
3762 1 15.0 A
3765 1 16.0 A
3766 214 36.3 T
3767 217 37.0 T
3770 227 37.5 T
3771 1 36.0 A
3773 249 36.9 T
3777 281 36.9 T
3781 306 32.7 T
3784 319 34.4 T
3785 324 34.0 T
3786 325 35.5 T
3791 333 33.3 T
3793 351 34.1 T
3800 377 36.1 T
3801 396 36.6 T
3803 456 35.6 T
3813 1 39.0 A
3819 1 27.0 C
3821 634 35.9 T
3823 662 37.2 T
3824 1 14.0 G
3826 704 35.7 T
3827 727 36.5 T
3830 793 35.7 T
3832 1 15.0 C
3833 855 36.6 T
3838 910 37.1 T
3841 942 37.4 T
3842 1 13.0 G
3847 1036 36.8 T
3848 1048 37.2 T
3849 1 15.0 G
3850 1 15.0 G
3852 1 16.0 C
3854 1211 36.8 T
3857 1236 37.0 T
3859 1242 36.9 T
3862 1293 34.5 T
3863 1305 35.0 T
3864 1310 36.0 T
3866 1336 35.9 T
3868 1373 34.3 T
3871 1 15.0 A
3873 1 16.0 A
3875 1414 36.9 T
3877 1 16.0 G
3883 1 16.0 A
3889 1 16.0 C
3891 2 20.5 A
3896 1 16.0 C
3898 1868 36.0 T
3899 1882 37.0 T
3900 1 39.0 C
3901 2 16.0 G
3903 1 16.0 C
3904 1 15.0 C
3905 2054 37.2 T
3906 2073 37.6 T
3907 5 15.2 G
3908 4 38.0 C
3910 3 21.7 G
3913 3 20.7 G
3914 2 27.5 G
3917 1 38.0 A
3918 1 14.0 G
3919 2255 35.6 T
3921 7 37.1 C
3923 1 27.0 A
3924 1 15.0 A
3926 2326 37.4 T
3927 2 39.0 A
3928 1 13.0 G
3929 2276 36.9 T
3931 2290 35.9 T
3934 1 16.0 G
3935 1 24.0 G
3937 2335 34.2 T
3938 2321 36.0 T
3940 1 30.0 A
3943 1 39.0 A
3944 2310 37.6 T
3947 1 16.0 A
3949 2331 36.8 T
3951 3 39.3 C
3954 1 13.0 C
3955 1 16.0 G
3957 2 13.0 A
3958 2 15.0 G
3960 2 40.0 C
3961 1 16.0 C
3962 1 34.0 C
3964 2631 36.0 T
3965 2674 36.3 T
3966 1 15.0 C
3971 2757 37.0 T
3972 2 16.0 A
3973 2727 36.6 T
3974 2728 37.3 T
3976 2756 36.9 T
3977 2766 37.3 T
3978 1 14.0 C
3979 1 27.0 A
3980 2783 37.5 T
3981 1 27.0 A
3982 1 14.0 G
3983 1 16.0 C
3984 2 27.0 C
3987 2 13.0 A
3988 2865 34.7 T
3991 3 33.7 A
3992 1 15.0 C
3993 1 15.0 A
3994 3 16.0 A
3995 1 16.0 A
3998 2960 36.2 T
3999 2923 37.0 T
4000 1 16.0 A
4001 2902 35.5 T
4002 2902 36.1 T
4004 2940 36.2 T
4005 1 15.0 A
4006 2 27.0 A
4007 2940 35.9 T
4008 2 15.5 A
4013 1 15.0 C
4014 1 16.0 C
4016 2963 34.4 T
4018 2 14.5 A
4019 1 27.0 C
4020 2 33.0 C
4021 1 16.0 A
4022 1 15.0 C
4023 3041 36.2 T
4024 1 16.0 A
4025 1 16.0 C
4027 1 38.0 A
4028 3098 36.9 T
4030 3109 37.4 T
4031 3107 37.5 T
4034 3152 37.6 T
4036 1 16.0 G
4037 1 15.0 G
4038 2 15.5 A
4039 1 16.0 A
4041 1 13.0 A
4043 2 26.0 C
4045 3133 37.5 T
4046 1 15.0 A
4047 3133 37.0 T
4050 1 40.0 C
4051 1 16.0 G
4053 4 14.7 A
4055 2908 34.6 T
4057 2882 34.6 T
4059 1 40.0 C
4060 1 16.0 C
4062 2823 36.9 T
4063 3 15.3 G
4064 2 15.5 A
4067 2724 35.7 T
4069 2698 36.6 T
4073 1 27.0 C
4077 1 16.0 A
4078 2533 37.5 T
4080 2486 37.2 T
4081 2475 37.6 T
4082 2420 38.2 T
4083 2350 37.9 T
4084 4 23.5 G
4085 2294 37.4 T
4086 1 13.0 C
4088 12 37.0 C
4091 1 14.0 A
4092 1 16.0 G
4097 2016 36.2 T
4098 2 16.0 A
4099 1 16.0 C
4100 1960 36.2 T
4101 1935 36.5 T
4103 1886 36.4 T
4105 1 39.0 A
4108 1751 37.1 T
4112 1641 37.9 T
4114 1579 36.7 T
4115 1554 37.1 T
4117 1493 37.2 T
4118 1447 38.0 T
4119 1 16.0 A
4120 1381 37.9 T
4121 1 13.0 G
4124 1267 36.8 T
4125 1247 37.9 T
4126 1 39.0 C
4128 2 16.0 A
4130 1 16.0 C
4131 1 16.0 A
4132 1 15.0 G
4133 2 40.0 C
4135 1038 37.5 T
4141 1 39.0 C
4144 889 35.9 T
4145 872 37.3 T
4146 1 16.0 C
4150 784 36.6 T
4156 1 14.0 C
4158 2 14.5 A
4160 596 35.8 T
4163 520 36.8 T
4167 1 16.0 C
4169 430 35.7 T
4172 401 37.0 T
4174 392 36.9 T
4183 301 35.9 T
4184 281 36.6 T
4187 250 36.6 T
4189 1 40.0 C
4193 197 36.2 T
4199 159 36.5 T
4204 123 37.2 T
4205 119 36.8 T
4208 110 37.2 T
4209 106 38.1 T
4211 101 38.3 T
4213 97 38.2 T
4216 92 36.5 T
4218 85 37.0 T
4220 79 36.2 T
4222 79 33.2 T
4226 63 35.1 T
4232 43 37.3 T
4233 42 37.8 T
4238 33 37.5 T
4240 31 35.8 T
4247 23 36.2 T
4248 20 38.6 T
4254 13 38.5 T
4261 8 37.4 T
4268 5 38.4 T
4270 4 39.0 T
4272 4 37.2 T
4274 4 38.7 T
4277 4 39.5 T
4285 4 38.5 T
4286 4 39.0 T
4289 4 39.0 T
4290 4 39.2 T
4291 4 39.7 T
4294 3 31.3 T
4299 2 39.5 T
4303 2 36.0 T
4306 1 34.0 T
4313 1 30.0 T
4314 1 31.0 T
4323 1 34.0 T
4324 1 38.0 T
4326 1 39.0 T
4327 1 37.0 T
4328 1 39.0 T
4330 1 39.0 T
4471 34 32.3 T
4472 34 35.7 T
4475 34 36.6 T
4480 34 37.1 T
4492 34 35.6 T
4495 34 34.7 T
4497 34 35.3 T
4500 34 36.0 T
4502 34 34.6 T
4507 34 35.2 T
4509 34 34.8 T
4510 34 37.1 T
4511 34 35.4 T
4522 34 35.8 T
4525 34 37.1 T
4529 34 36.5 A
4534 34 33.4 T
4587 2 35.0 T
4588 2 35.0 T
4589 2 35.0 T
4591 3 34.0 T
4592 3 35.0 T
4597 3 38.7 T
4598 3 39.3 T
4600 3 39.0 T
4612 9 35.3 T
4619 12 36.6 T
4622 14 36.5 T
4623 14 37.1 T
4634 20 36.6 T
4639 21 38.0 T
4644 21 38.3 T
4646 25 36.8 T
4647 26 35.9 T
4648 26 37.0 T
4651 26 36.2 T
4668 31 36.7 T
4672 32 36.9 T
4675 33 36.2 T
4678 33 36.3 T
4679 32 37.1 T
4681 33 37.4 T
4684 33 37.2 T
4688 31 37.7 T
4690 31 37.0 T
4693 32 36.3 T
4695 33 35.9 T
4696 35 36.4 T
4703 34 35.8 T
4705 34 36.9 T
4708 34 35.5 T
4710 30 36.9 T
4719 26 38.1 T
4726 24 37.2 T
4733 22 34.3 T
4736 24 36.1 T
4742 21 33.9 T
4746 18 38.8 T
4749 18 36.1 T
4752 18 35.3 T
4755 18 34.6 T
4756 17 37.4 T
4759 16 36.7 T
4762 13 35.2 T
4765 13 38.8 T
4768 12 38.8 T
4772 17 34.6 T
4774 17 34.9 T
4780 21 37.0 T
4786 24 36.7 T
4792 25 35.8 T
4800 22 35.5 T
4801 25 36.0 T
4802 25 33.6 T
4806 24 36.0 T
4807 24 36.9 T
4809 25 36.0 T
4813 28 36.7 T
4822 30 34.6 T
4823 31 35.9 T
4838 34 35.5 T
4840 36 36.8 T
4845 37 36.0 T
4852 39 36.8 T
4855 42 32.4 T
4856 42 34.8 T
4858 42 34.0 T
4859 42 34.7 T
4861 42 32.7 T
4866 42 35.5 T
4876 36 35.2 T
4885 32 32.9 T
4887 33 29.1 T
4891 28 33.3 T
4894 26 36.4 T
4896 27 32.6 T
4903 24 35.1 T
4905 22 33.2 T
4907 20 31.9 T
4911 21 33.3 T
4915 22 36.5 T
4921 21 38.2 T
4927 24 34.4 T
4928 25 35.2 T
4930 25 33.3 T
4932 1 16.0 C
4933 27 31.2 T
4937 26 34.8 T
4939 23 36.5 T
4941 24 36.8 T
4945 25 36.2 T
4947 26 37.3 T
4948 26 35.9 T
4950 29 37.0 T
4954 34 37.6 T
4957 35 38.3 T
4967 49 35.7 T
4968 54 36.1 T
4973 67 36.2 T
4977 70 35.6 T
4978 76 35.6 T
4993 136 36.1 T
5002 166 36.0 T
5004 177 36.3 T
5005 186 37.2 T
5010 230 36.6 T
5013 237 34.8 T
5016 257 35.0 T
5018 1 16.0 A
5020 312 35.1 T
5021 313 36.0 T
5029 365 37.0 T
5033 2 16.0 A
5034 401 36.8 T
5038 425 37.0 T
5041 457 37.1 T
5047 507 36.7 T
5048 506 36.6 T
5050 500 36.7 T
5055 587 36.7 T
5056 1 39.0 A
5063 628 36.9 T
5068 725 36.4 T
5074 804 35.9 T
5075 813 36.2 T
5077 826 36.1 T
5078 870 37.0 T
5079 1 14.0 A
5081 942 36.0 T
5082 967 35.5 T
5083 1003 36.2 T
5084 1 16.0 A
5087 1059 36.9 T
5089 1089 36.4 T
5090 1111 36.0 T
5091 1148 36.4 T
5093 1225 36.7 T
5095 1287 35.8 T
5096 1299 36.1 T
5098 1347 36.0 T
5100 1 37.0 C
5101 1448 36.7 T
5103 1 16.0 A
5105 1567 37.0 T
5108 1629 37.0 T
5113 1 27.0 C
5114 1 14.0 A
5115 1764 35.1 T
5116 1785 35.5 T
5117 2 16.0 C
5119 1834 35.9 T
5120 1 13.0 A
5122 1901 37.0 T
5125 1928 35.9 T
5126 1 16.0 C
5127 2 16.0 A
5130 2003 36.5 T
5131 2010 36.9 T
5132 1 16.0 A
5135 1 16.0 C
5136 2127 36.5 T
5138 3 23.3 C
5140 1 16.0 G
5143 1 27.0 C
5144 1 16.0 C
5145 1 16.0 A
5146 3 38.0 C
5150 5 39.2 C
5152 2425 36.3 T
5154 4 35.2 C
5155 2432 37.0 T
5156 1 37.0 A
5158 2509 37.3 T
5160 2506 36.3 T
5162 2515 36.6 T
5164 1 16.0 G
5169 2546 36.7 T
5172 2 16.0 A
5173 4 21.5 A
5174 2 27.5 C
5175 2 14.5 A
5176 1 15.0 A
5177 3 15.7 G
5178 1 31.0 C
5179 2564 35.3 T
5182 1 40.0 C
5183 2 14.5 A
5184 2539 37.1 T
5185 2 16.0 G
5186 1 15.0 A
5187 1 15.0 C
5188 2568 35.4 T
5191 1 16.0 C
5192 2 15.5 A
5194 2 16.0 C
5196 2432 36.5 T
5197 2439 37.4 T
5199 1 16.0 A
5200 2365 35.5 T
5201 2353 36.2 T
5202 1 15.0 C
5205 2351 36.5 T
5210 3 15.7 C
5211 1 15.0 C
5212 2340 34.6 T
5213 1 16.0 C
5214 3 15.3 C
5215 2374 35.2 T
5216 3 15.3 C
5217 2351 34.6 T
5218 2 25.0 C
5219 1 40.0 C
5221 2408 37.5 T
5223 1 16.0 G
5225 1 14.0 A
5227 2 27.5 G
5228 3 28.3 C
5230 2480 36.7 T
5231 2 13.0 G
5232 1 40.0 C
5233 1 16.0 C
5238 1 36.0 C
5239 2594 34.3 T
5240 4 32.5 A
5247 2727 34.5 T
5248 2771 35.5 T
5249 2747 37.0 T
5250 2736 37.8 T
5251 2761 37.8 T
5252 4 13.2 G
5253 3 31.7 C
5256 2 15.5 A
5257 1 15.0 A
5259 2837 36.8 T
5260 7 14.6 G
5262 1 16.0 G
5263 1 15.0 C
5266 2929 36.4 T
5267 2952 36.4 T
5269 2964 37.1 T
5271 1 16.0 G
5272 1 16.0 A
5273 3 19.3 A
5274 2 13.5 G
5275 1 16.0 A
5277 3065 34.9 T
5278 3098 35.2 T
5279 1 13.0 C
5280 2 39.5 A
5282 1 16.0 A
5284 1 14.0 A
5285 1 16.0 A
5286 2 16.0 A
5289 2 16.0 A
5291 3158 36.5 T
5292 2 14.5 A
5293 1 16.0 G
5294 1 27.0 C
5296 3192 34.2 T
5297 1 16.0 C
5298 3 15.3 A
5299 3269 35.1 T
5301 1 30.0 A
5302 3260 35.8 T
5304 1 16.0 C
5305 2 15.5 C
5306 1 16.0 C
5307 1 16.0 A
5311 3227 36.4 T
5312 1 34.0 C
5313 1 15.0 A
5314 3181 36.9 T
5315 2 39.5 A
5316 2 16.0 G
5317 1 15.0 C
5319 4 14.7 A
5321 2 15.0 C
5322 3 16.0 A
5323 3065 35.2 T
5324 1 39.0 C
5325 1 13.0 A
5327 2 15.0 C
5329 2905 35.4 T
5332 2874 36.6 T
5333 2862 37.2 T
5335 1 39.0 A
5338 2582 35.3 T
5339 1 27.0 C
5340 2595 36.1 T
5342 1 31.0 C
5343 2493 37.0 T
5344 2483 37.0 T
5346 2395 37.2 T
5350 2317 37.9 T
5352 1 36.0 C
5356 2176 36.8 T
5359 2098 36.5 T
5360 1 16.0 C
5361 2052 36.0 T
5364 1956 36.5 T
5367 3 15.3 A
5368 1 15.0 C
5370 1738 36.8 T
5373 2 15.5 A
5374 1636 37.0 T
5378 2 15.5 A
5380 1461 37.1 T
5383 1409 36.2 T
5388 1 40.0 A
5389 1270 37.3 T
5391 1224 35.8 T
5393 1165 35.5 T
5401 934 37.0 T
5402 2 15.5 A
5407 813 36.8 T
5412 718 36.8 T
5413 2 32.0 G
5418 599 35.9 T
5419 583 36.3 T
5420 563 36.2 T
5421 1 13.0 G
5426 497 36.2 T
5431 2 14.5 A
5442 305 34.4 T
5443 296 35.6 T
5446 254 33.9 T
5452 3 39.3 C
5455 177 34.3 T
5458 175 36.0 T
5459 3 36.7 C
5464 136 34.1 T
5465 128 37.2 T
5473 103 31.4 T
5476 98 32.5 T
5477 1 13.0 C
5479 92 33.7 T
5480 1 14.0 A
5482 1 15.0 C
5483 78 34.2 T
5484 1 13.0 A
5485 74 33.0 T
5487 71 32.6 T
5492 57 36.5 T
5493 55 37.8 T
5494 51 36.9 T
5495 44 36.7 T
5497 40 33.1 T
5500 30 35.5 T
5503 26 32.3 T
5506 20 35.1 T
5508 16 33.6 T
5509 15 36.4 T
5511 13 35.8 T
5580 43 35.2 T
5587 52 34.9 T
5594 52 37.8 T
5602 1 16.0 C
5607 52 34.7 T
5609 52 36.4 T
5613 52 36.3 T
5617 1 16.0 C
5618 51 34.4 T
5628 52 35.3 T
5636 52 34.1 T
5637 52 34.9 T
5638 52 34.5 T
5641 51 36.3 T
5642 52 36.4 T
5647 48 31.7 T
5672 1 37.0 T
5673 1 38.0 T
5688 1 34.0 T
5689 1 16.0 T
5692 1 34.0 T
5693 1 34.0 T
5700 4 35.7 T
5709 7 34.9 T
5712 7 38.3 T
5717 8 38.4 T
5721 8 36.1 T
5722 8 37.5 T
5726 8 36.4 T
5728 8 39.1 T
5731 8 39.5 T
5732 8 39.5 T
5734 8 38.0 T
5774 14 35.7 T
5775 14 37.1 T
5776 14 36.9 T
5782 14 37.6 T
5785 14 34.3 T
5786 14 36.2 T
5788 14 34.8 T
5789 14 33.5 T
5794 14 36.5 T
5795 14 36.9 T
5796 14 37.7 T
5801 14 35.1 T
5802 14 33.7 T
5806 14 34.9 T
5808 12 37.5 T
5814 11 35.3 T
5819 12 35.2 T
5826 12 33.2 T
5829 19 37.3 T
5841 17 35.8 T
5848 14 36.2 T
5850 14 38.0 T
5852 14 35.9 T
5853 14 34.1 T
5854 14 37.1 T
5858 12 34.0 T
5859 12 33.8 T
5860 12 36.8 T
5865 12 37.6 T
5870 12 38.1 T
5873 12 37.6 T
5874 12 35.8 T
5878 12 37.4 T
5885 12 38.9 T
5886 12 37.8 T
5887 12 39.3 T
5888 12 39.0 T
5892 11 31.2 T
5902 5 35.0 T
5905 5 29.2 T
5907 5 36.0 T
5908 5 37.0 T
5918 4 37.7 T
5919 4 36.7 T
5923 4 32.2 T
5925 4 36.7 T
5926 4 36.5 T
5928 4 33.0 T
5930 4 28.7 T
5947 5 26.4 T
5948 5 29.4 T
5956 6 30.8 T
5958 6 29.7 T
5962 9 29.4 T
5964 9 29.1 T
5965 8 33.2 T
5967 9 32.1 T
5968 9 35.4 T
5976 13 37.8 T
5981 16 37.5 T
5986 17 37.2 T
5989 17 37.5 T
5999 20 36.3 T
6001 21 36.7 T
6007 22 35.4 T
6010 22 38.2 T
6011 23 37.5 T
6013 24 36.2 T
6014 23 35.3 T
6025 31 35.1 T
6043 37 36.1 T
6044 37 36.7 T
6046 38 35.8 T
6050 40 38.2 T
6055 1 40.0 A
6061 42 35.8 T
6063 45 36.4 T
6070 41 37.0 T
6071 41 37.9 T
6073 41 37.8 T
6076 40 36.3 T
6086 40 37.2 T
6090 42 35.3 T
6091 42 35.4 T
6092 41 37.3 T
6094 41 37.9 T
6097 43 36.4 T
6100 42 35.2 T
6102 42 33.7 T
6103 45 34.0 T
6105 49 34.2 T
6106 49 36.0 T
6109 51 35.4 T
6112 53 37.0 T
6115 59 36.2 T
6121 60 35.0 T
6124 62 36.9 T
6127 69 34.4 T
6135 74 34.5 T
6136 75 36.0 T
6137 75 36.4 T
6140 2 38.0 C
6144 73 36.2 T
6148 76 36.4 T
6151 76 36.3 T
6152 50 37.1 T
6157 81 36.1 T
6160 82 35.9 T
6163 79 34.7 T
6167 83 35.7 T
6176 101 35.3 T
6178 104 35.4 T
6183 110 35.2 T
6184 110 33.7 T
6185 109 35.1 T
6193 120 35.9 T
6202 122 37.0 T
6207 124 34.5 T
6208 124 35.3 T
6210 125 35.8 T
6214 122 33.8 T
6216 136 34.5 T
6217 136 35.3 T
6221 137 34.9 T
6225 135 34.4 T
6227 131 34.3 T
6229 134 34.1 T
6230 1 16.0 C
6232 141 35.9 T
6235 145 34.4 T
6238 153 35.4 T
6239 1 13.0 G
6241 158 35.9 T
6243 1 31.0 G
6246 160 36.0 T
6248 161 36.1 T
6251 154 37.4 T
6253 159 36.9 T
6256 163 37.3 T
6257 1 16.0 G
6263 1 16.0 C
6265 1 27.0 G
6274 1 16.0 C
6276 1 39.0 G
6278 222 35.7 T
6279 239 36.0 T
6286 258 36.5 T
6288 262 36.0 T
6293 277 35.8 T
6297 288 36.0 T
6298 295 36.6 T
6306 1 16.0 A
6307 1 16.0 A
6309 325 37.0 T
6312 342 35.1 T
6317 2 16.0 C
6320 358 36.9 T
6327 396 35.3 T
6331 410 37.1 T
6337 432 35.9 T
6339 1 16.0 A
6342 1 16.0 A
6343 432 36.6 T
6345 434 36.2 T
6346 441 36.3 T
6348 451 35.2 T
6351 462 36.6 T
6352 468 36.8 T
6358 462 36.7 T
6359 1 16.0 A
6365 506 36.3 T
6367 510 35.2 T
6369 531 34.6 T
6372 529 36.0 T
6374 537 36.5 T
6376 549 35.8 T
6378 543 36.8 T
6379 558 37.5 T
6383 1 15.0 G
6388 566 36.4 T
6390 1 16.0 A
6392 594 35.8 T
6393 594 35.0 T
6394 597 35.7 T
6396 1 40.0 A
6397 606 35.8 T
6399 1 39.0 A
6404 1 16.0 A
6406 621 36.2 T
6407 624 36.4 T
6409 625 35.8 T
6412 1 15.0 A
6413 634 36.0 T
6415 640 35.9 T
6425 642 36.2 T
6429 1 14.0 A
6430 652 36.3 T
6438 650 36.2 T
6441 1 16.0 C
6451 692 34.8 T
6452 1 39.0 C
6453 704 35.3 T
6454 709 36.6 T
6455 1 27.0 C
6457 715 37.3 T
6459 720 37.0 T
6462 742 35.4 T
6464 2 27.5 C
6466 742 36.0 T
6469 743 36.8 T
6472 750 36.7 T
6473 1 16.0 C
6479 1 16.0 A
6481 717 36.2 T
6484 711 36.5 T
6487 722 36.8 T
6488 710 37.0 T
6490 699 36.4 T
6493 697 37.7 T
6495 695 37.0 T
6497 684 36.6 T
6499 684 36.3 T
6505 671 37.7 T
6508 672 37.9 T
6509 1 13.0 A
6512 660 37.0 T
6515 648 36.7 T
6520 625 35.8 T
6524 610 36.1 T
6526 595 36.3 T
6529 557 37.0 T
6532 541 37.6 T
6536 1 15.0 A
6537 1 13.0 G
6544 1 31.0 A
6547 483 34.9 T
6558 435 37.0 T
6559 436 37.2 T
6561 432 35.6 T
6562 434 37.1 T
6564 1 16.0 G
6575 1 27.0 A
6585 1 16.0 C
6589 375 35.3 T
6590 376 35.8 T
6592 378 36.4 T
6594 380 36.9 T
6604 384 36.9 T
6606 383 36.1 T
6607 391 37.0 T
6609 390 37.2 T
6611 1 16.0 A
6612 386 35.6 T
6613 381 36.0 T
6614 375 36.0 T
6615 374 36.6 T
6616 379 37.1 T
6617 1 39.0 C
6619 1 36.0 G
6620 397 36.9 T
6621 1 40.0 C
6626 413 37.4 T
6628 1 16.0 A
6631 426 36.0 T
6632 417 36.3 T
6633 417 37.2 T
6635 416 37.1 T
6637 419 36.8 T
6638 417 37.7 T
6640 424 37.0 T
6641 421 37.6 T
6643 426 37.1 T
6646 427 36.9 T
6650 1 15.0 A
6654 442 35.2 T
6655 444 36.6 T
6659 1 15.0 A
6661 468 36.4 T
6663 1 16.0 A
6664 450 36.5 T
6666 438 35.6 T
6671 424 36.9 T
6673 424 36.3 T
6674 423 37.0 T
6676 422 37.5 T
6680 423 36.5 T
6681 428 37.1 T
6684 441 37.1 T
6687 433 35.9 T
6690 1 15.0 G
6693 1 14.0 A
6705 380 36.4 T
6706 373 36.0 T
6707 370 36.9 T
6708 1 16.0 G
6710 1 15.0 A
6711 351 36.5 T
6714 1 16.0 A
6715 336 36.0 T
6716 1 39.0 A
6719 312 37.4 T
6721 294 37.2 T
6724 280 37.1 T
6726 268 37.0 T
6731 251 36.9 T
6733 245 37.1 T
6736 227 36.7 T
6738 227 36.2 T
6742 228 36.6 T
6743 228 37.5 T
6747 199 36.7 T
6748 206 36.5 T
6750 1 16.0 C
6751 205 36.5 T
6756 162 36.8 T
6757 155 37.7 T
6758 153 37.8 T
6760 151 37.8 T
6763 158 38.0 T
6765 155 37.6 T
6766 2 13.0 G
6776 131 37.4 T
6778 122 37.0 T
6780 110 36.2 T
6781 107 37.0 T
6782 96 37.6 T
6787 88 38.6 T
6793 82 38.0 T
6799 79 38.5 T
6813 83 38.4 T
6815 87 37.9 T
6816 87 37.4 T
6817 93 37.5 T
6822 98 36.8 T
6827 103 37.0 T
6832 107 37.6 T
6835 100 37.0 T
6838 100 37.5 T
6842 124 35.3 T
6844 125 36.0 T
6850 1 40.0 C
6856 188 35.7 T
6862 195 36.8 T
6864 197 36.6 T
6865 197 37.1 T
6866 202 37.3 T
6870 207 37.0 T
6874 222 36.7 T
6883 272 35.6 T
6886 1 16.0 A
6896 323 36.8 T
6898 324 36.8 T
6903 340 36.5 T
6904 1 14.0 G
6906 352 35.7 T
6908 367 36.7 T
6911 376 36.5 T
6916 394 37.5 T
6919 408 36.1 T
6921 411 37.6 T
6922 1 16.0 G
6926 1 15.0 C
6928 445 36.5 T
6933 485 33.6 T
6934 511 35.3 T
6936 1 37.0 A
6937 513 36.7 T
6939 497 36.7 T
6940 510 37.1 T
6941 509 37.5 T
6943 512 37.2 T
6944 509 37.2 T
6945 506 37.4 T
6946 502 37.6 T
6950 1 34.0 C
6952 477 37.9 T
6956 447 37.2 T
6961 458 37.6 T
6965 464 37.3 T
6970 458 36.4 T
6971 456 36.7 T
6973 443 38.1 T
6975 435 36.7 T
6976 436 37.6 T
6981 1 16.0 A
6984 416 36.2 T
6987 407 36.9 T
6991 416 37.0 T
6997 392 36.9 T
7000 406 37.9 T
7003 419 37.0 T
7014 386 37.9 T
7017 371 38.0 T
7021 353 37.9 T
7022 351 37.5 T
7023 2 15.0 G
7024 342 37.8 T
7027 1 16.0 C
7028 251 34.8 C
7032 278 36.2 T
7033 290 36.7 T
7038 281 36.4 T
7040 296 36.5 T
7041 1 14.0 G
7042 300 37.1 T
7045 309 36.5 T
7047 301 36.2 T
7051 413 36.1 T
7058 569 35.6 T
7060 599 37.0 T
7061 3 38.7 A
7062 650 36.2 T
7063 661 36.7 T
7064 691 36.8 T
7066 1 27.0 C
7069 790 36.6 T
7072 905 37.0 T
7077 1 16.0 G
7080 1187 35.6 T
7081 1214 36.8 T
7084 1318 36.4 T
7085 1365 36.5 T
7086 1 16.0 C
7088 1 15.0 C
7089 1512 37.5 T
7090 1 13.0 G
7091 1 16.0 A
7092 1612 36.5 T
7093 1638 36.2 T
7094 1667 36.5 T
7099 1840 36.9 T
7101 1926 37.2 T
7102 1950 37.2 T
7103 1 16.0 C
7104 2042 37.0 T
7107 1 16.0 G
7110 2315 35.8 T
7112 2 27.0 C
7116 2 16.0 C
7117 2627 37.1 T
7121 2 16.0 C
7122 2 16.0 C
7124 1 16.0 A
7125 2 16.0 A
7126 2 33.0 C
7127 1 16.0 C
7128 3147 37.3 T
7132 3 23.7 C
7133 1 40.0 C
7137 1 16.0 A
7138 3746 36.8 T
7139 1 39.0 C
7141 14 38.2 A
7142 4100 37.0 T
7143 4139 36.7 T
7144 4207 36.6 T
7145 2 34.0 C
7147 2 27.5 C
7148 4427 36.3 T
7149 1 36.0 A
7150 4500 36.5 T
7151 2 39.0 C
7153 4746 37.2 T
7155 4916 36.7 T
7156 4957 36.7 T
7157 1 39.0 C
7158 2 14.5 A
7159 5120 36.6 T
7160 2 39.0 C
7161 2 15.5 G
7162 1 16.0 G
7163 1 15.0 C
7164 2 15.0 G
7165 5661 35.6 T
7167 1 15.0 A
7168 3 14.7 A
7169 5892 35.7 T
7170 1 16.0 C
7171 6046 36.1 T
7173 1 16.0 A
7174 2 28.0 C
7175 6355 37.4 T
7176 6425 37.4 T
7177 6494 37.6 T
7179 6623 36.5 T
7180 6678 36.7 T
7181 2 16.0 C
7182 3 30.3 C
7183 4 19.7 C
7184 2 15.5 A
7185 4 25.2 C
7186 2 14.5 A
7187 4 15.5 A
7188 2 16.0 C
7189 2 16.0 A
7190 13 38.9 C
7191 7191 36.9 T
7192 7271 37.0 T
7193 7338 37.6 T
7194 1 39.0 C
7195 7478 36.7 T
7197 1 16.0 G
7198 6 19.5 G
7200 1 15.0 C
7201 7992 37.0 T
7202 1 14.0 A
7203 8061 36.9 T
7204 2 27.0 C
7205 4 28.2 C
7206 1 40.0 G
7207 2 21.5 G
7208 5 13.8 A
7209 3 14.3 A
7210 8534 36.8 T
7211 8 17.4 G
7212 8 30.2 C
7213 7 17.1 C
7214 2 25.5 C
7215 1 40.0 C
7216 1 16.0 G
7217 3 15.3 A
7218 5 21.2 C
7219 3 13.3 G
7220 9237 36.8 T
7221 9281 37.4 T
7223 2 26.5 C
7224 9437 36.7 T
7225 2 15.0 C
7226 3 31.7 G
7227 4 22.0 G
7228 5 22.4 A
7230 9809 36.2 T
7231 1 16.0 A
7233 3 16.0 C
7234 4 21.2 C
7236 4 14.7 G
7237 5 14.8 A
7238 9935 35.9 T
7239 4 14.0 G
7240 6 30.8 C
7241 1 15.0 A
7242 10123 36.2 T
7243 2 15.5 A
7244 1 15.0 C
7245 3 26.3 A
7246 2 27.5 C
7247 6 16.0 C
7248 9 16.7 A
7249 5 24.6 C
7250 4 15.2 A
7251 10033 37.2 T
7252 6 15.0 G
7253 3 19.7 A
7254 5 15.8 A
7255 3 15.3 A
7257 3 15.0 A
7258 9917 36.4 T
7259 2 27.5 C
7260 1 15.0 C
7261 9817 36.7 T
7262 1 15.0 A
7263 9727 35.9 T
7264 1 27.0 C
7265 2 14.5 A
7266 9784 36.8 T
7268 9796 36.5 T
7269 1 15.0 G
7270 9727 37.8 T
7271 4 27.5 A
7272 5 16.0 G
7273 4 21.5 G
7274 2 36.0 C
7275 9453 34.9 T
7277 1 16.0 A
7278 9439 36.5 T
7279 9438 37.0 T
7280 1 36.0 C
7282 9373 36.9 T
7283 9406 37.0 T
7284 9351 37.1 T
7285 1 16.0 C
7286 9330 35.7 T
7287 1 16.0 C
7288 9377 36.7 T
7289 3 15.0 A
7290 1 30.0 A
7291 1 16.0 C
7292 12 17.3 A
7294 8 34.9 C
7295 9 15.2 A
7296 1 15.0 G
7297 9095 36.7 T
7298 1 16.0 A
7299 3 16.0 A
7300 8871 36.5 T
7301 1 15.0 A
7302 8825 36.4 T
7303 8801 37.1 T
7304 1 39.0 A
7306 8515 37.4 T
7308 3 15.0 A
7309 8404 37.1 T
7310 8373 36.5 T
7311 8316 36.4 T
7312 8300 36.8 T
7314 5 20.2 A
7315 8161 37.0 T
7316 3 15.0 G
7317 3 23.0 A
7318 7911 35.4 T
7319 7868 36.3 T
7320 7844 37.0 T
7321 7 15.1 G
7322 1 39.0 A
7323 3 23.3 G
7324 5 30.2 A
7325 1 14.0 A
7326 3 15.3 G
7327 7 34.3 C
7329 7196 37.1 T
7330 7133 37.4 T
7331 1 39.0 C
7332 1 16.0 G
7334 6827 35.2 T
7335 6792 36.3 T
7336 1 39.0 C
7337 6 26.8 G
7338 1 40.0 A
7339 4 15.0 A
7340 2 15.5 G
7341 2 33.5 C
7343 3 15.0 A
7344 3 22.7 A
7345 5 13.6 A
7348 5848 36.7 T
7351 5621 37.0 T
7352 1 39.0 A
7353 2 14.5 A
7354 5490 37.0 T
7355 1 40.0 A
7357 5326 37.5 T
7359 3 15.7 G
7360 2 14.0 A
7361 1 13.0 A
7362 1 15.0 G
7363 1 27.0 A
7364 1 15.0 A
7366 1 14.0 C
7368 4412 36.2 T
7370 2 22.5 C
7371 1 16.0 A
7372 4219 37.1 T
7375 4 15.2 A
7377 2 15.0 C
7378 3792 37.3 T
7379 2 13.5 G
7381 1 15.0 A
7382 2 15.0 G
7383 3445 35.6 T
7384 3 13.0 G
7386 1 39.0 C
7387 3086 36.2 T
7389 2913 37.3 T
7391 2752 37.2 T
7392 2 15.0 G
7393 1 31.0 G
7394 1 16.0 A
7395 2449 36.4 T
7396 4 13.7 G
7397 6 38.3 C
7398 2 15.5 C
7399 3 20.3 C
7400 2 15.5 C
7403 2 20.5 A
7404 1 13.0 C
7405 1 15.0 C
7406 1 31.0 C
7407 1782 34.9 T
7408 2 15.0 A
7412 1 13.0 C
7415 1 14.0 A
7416 1253 35.1 T
7417 1201 36.4 T
7418 1 14.0 C
7429 822 34.0 T
7430 2 14.5 A
7431 751 33.4 T
7435 591 32.7 T
7436 1 14.0 A
7438 1 15.0 A
7440 508 32.8 T
7441 1 14.0 C
7442 443 32.9 T
7444 3 15.3 G
7461 239 35.2 T
7462 1 15.0 C
7471 1 14.0 C
7477 127 34.5 T
7480 114 33.4 T
7481 113 35.3 T
7482 112 35.5 T
7496 68 35.1 T
7501 54 33.5 T
7505 45 35.4 T
7509 41 36.1 T
7510 39 36.7 T
7511 35 37.2 T
7512 35 36.6 T
7513 31 37.9 T
7536 1 39.0 T
7537 1 37.0 T
7538 1 39.0 T
7541 1 38.0 T
7545 1 35.0 T
7546 1 16.0 T
7547 1 40.0 T
7549 1 39.0 T
7555 1 40.0 T
7556 1 39.0 T
7560 1 31.0 T
7561 1 35.0 T
7563 1 31.0 T
7568 1 34.0 T
7572 1 38.0 T
7575 1 39.0 T
7577 1 36.0 T
7579 1 31.0 T
7581 1 39.0 T
7583 1 37.0 T
7584 2 37.5 T
7587 160 35.6 T
7594 162 37.3 T
7596 1 40.0 C
7605 163 37.7 T
7607 1 16.0 G
7609 163 35.4 T
7611 163 36.0 T
7621 162 33.6 T
7624 163 35.1 T
7625 163 35.3 T
7628 1 16.0 C
7630 165 36.6 T
7632 165 35.0 T
7635 165 36.2 T
7644 165 33.5 T
7645 165 34.6 T
7647 175 33.1 T
7652 172 35.9 T
7653 173 36.8 T
7654 25 39.0 T
7657 21 38.6 T
7660 22 37.1 T
7668 26 34.2 T
7671 29 36.4 T
7674 31 33.8 T
7677 31 36.2 T
7678 32 34.5 T
7679 34 35.1 T
7680 34 36.5 T
7683 41 35.9 T
7684 41 36.4 T
7686 39 36.0 T
7688 39 36.5 T
7691 46 35.1 T
7692 46 35.0 T
7695 46 37.0 T
7698 48 35.2 T
7701 50 36.8 T
7703 50 36.6 T
7705 50 35.7 T
7710 56 35.7 T
7711 58 34.8 T
7712 58 34.9 T
7713 58 35.4 T
7716 59 32.9 T
7720 1 36.0 A
7722 62 34.2 T
7734 72 36.8 T
7738 73 34.8 T
7740 1 16.0 A
7741 70 36.9 T
7744 76 36.3 T
7749 83 35.5 T
7751 83 33.3 T
7759 111 34.1 T
7767 134 37.2 T
7768 1 40.0 A
7776 160 36.1 T
7778 168 35.9 T
7783 180 36.4 T
7785 190 36.2 T
7788 208 36.3 T
7797 263 35.9 T
7800 276 36.2 T
7803 290 37.0 T
7806 302 36.6 T
7809 332 35.9 T
7812 369 35.8 T
7818 418 34.5 T
7820 1 16.0 C
7823 440 36.0 T
7827 460 36.6 T
7831 1 15.0 C
7833 546 35.7 T
7836 586 36.5 T
7837 593 35.8 T
7838 602 36.3 T
7842 675 36.9 T
7846 1 39.0 A
7849 1 34.0 C
7850 1 14.0 G
7854 995 35.9 T
7856 1 38.0 A
7858 1 36.0 C
7861 1254 34.8 T
7862 1 40.0 C
7865 1321 34.9 T
7867 1 15.0 C
7869 1403 36.3 T
7870 1422 36.9 T
7871 1 16.0 A
7872 1 16.0 C
7874 1 16.0 A
7875 1521 35.9 T
7877 2 16.0 A
7880 1640 36.2 T
7882 1 34.0 A
7883 1 16.0 A
7884 1816 36.3 T
7885 1834 36.6 T
7887 1 27.0 G
7888 1 16.0 C
7889 1 39.0 C
7895 2124 37.0 T
7897 1 16.0 G
7898 2299 37.5 T
7899 1 36.0 A
7900 1 39.0 C
7901 2462 37.0 T
7902 2 27.5 G
7907 2800 36.4 T
7909 1 39.0 C
7913 3224 36.1 T
7916 1 16.0 A
7917 2 35.0 C
7920 3 23.7 A
7922 3806 36.3 T
7924 7 34.0 C
7925 1 40.0 G
7926 2 39.5 G
7927 1 40.0 C
7928 2 25.0 G
7929 2 27.0 G
7930 2 14.0 A
7931 13 29.1 C
7932 4865 36.0 T
7933 1 13.0 A
7935 5113 36.3 T
7937 5272 35.6 T
7938 5333 36.2 T
7939 1 16.0 C
7940 1 16.0 A
7941 1 16.0 A
7942 2 16.0 C
7943 5685 35.4 T
7944 1 16.0 C
7945 2 25.0 C
7946 5949 36.0 T
7947 2 26.5 A
7948 2 27.5 C
7950 6310 36.5 T
7952 1 36.0 C
7953 6538 35.5 T
7954 6577 35.6 T
7955 1 38.0 C
7956 1 16.0 C
7957 2 16.0 C
7959 4 22.2 C
7960 4 13.2 A
7961 6946 36.3 T
7962 7053 36.5 T
7963 1 16.0 A
7964 7237 36.0 T
7965 7375 36.3 T
7967 5 28.6 C
7968 7653 36.3 T
7970 3 15.7 G
7971 4 24.5 A
7972 1 15.0 A
7973 1 34.0 C
7975 1 16.0 A
7976 2 16.0 G
7977 2 16.0 G
7978 9 32.8 C
7979 8 15.2 G
7980 5 22.2 A
7981 7 26.6 C
7983 9396 36.2 T
7984 11 14.7 G
7985 15 38.0 C
7986 6 17.2 G
7987 4 20.0 A
7988 2 21.5 C
7989 10112 34.9 T
7990 1 40.0 C
7991 1 13.0 C
7992 10375 36.9 T
7993 10450 36.9 T
7994 21 17.0 G
7995 1 16.0 A
7996 1 16.0 C
7997 1 39.0 G
7998 10871 37.2 T
7999 10907 36.8 T
8000 22 15.8 G
8001 7 21.6 A
8002 7 28.9 C
8004 4 24.7 A
8005 11075 36.5 T
8006 4 32.2 C
8007 3 15.7 G
8008 27 34.1 A
8009 2 33.0 G
8010 11385 36.1 T
8013 11607 37.5 T
8015 1 27.0 C
8016 11718 36.2 T
8018 11 25.0 C
8019 7 28.3 C
8020 1 15.0 G
8021 1 39.0 A
8022 12021 36.0 T
8023 12018 36.8 T
8024 26 15.0 G
8025 2 14.5 A
8026 4 24.5 A
8027 5 15.4 G
8028 1 39.0 C
8029 12 16.5 C
8030 4 15.5 C
8031 2 33.0 C
8032 5 29.4 C
8033 7 14.0 A
8034 12104 35.6 T
8035 12134 35.9 T
8036 3 22.7 C
8038 12253 36.3 T
8039 5 20.6 A
8040 12377 35.7 T
8041 1 13.0 A
8042 3 16.0 A
8043 12410 36.6 T
8044 2 14.5 A
8045 4 15.7 A
8046 12359 36.3 T
8047 12323 36.9 T
8048 2 35.5 A
8049 3 31.3 C
8050 7 18.3 A
8051 12290 36.3 T
8052 1 16.0 C
8053 2 27.0 A
8054 2 33.5 C
8055 3 19.3 A
8056 3 14.7 A
8057 3 16.0 G
8058 6 17.0 A
8059 1 30.0 C
8060 2 15.0 G
8061 12690 36.6 T
8063 12706 36.8 T
8064 12604 37.1 T
8065 18 15.7 G
8066 3 27.3 C
8067 2 15.5 A
8068 2 21.0 C
8069 12223 35.6 T
8070 5 28.2 C
8071 10 23.8 A
8072 12055 36.7 T
8073 22 14.3 G
8074 3 15.3 A
8075 2 27.5 G
8076 18 35.6 C
8077 11582 36.8 T
8078 7 14.1 G
8079 11541 36.8 T
8080 2 16.0 C
8081 9 21.0 C
8082 5 18.8 C
8083 2 23.0 C
8085 2 16.0 C
8086 5 22.8 A
8087 10743 36.8 T
8088 10710 37.3 T
8089 5 27.0 A
8090 3 16.0 G
8091 3 35.0 G
8092 3 36.7 C
8093 10370 33.8 T
8094 10378 35.3 T
8095 4 24.5 A
8096 3 16.0 A
8097 10 18.4 A
8098 2 16.0 A
8099 1 16.0 A
8100 1 15.0 C
8102 1 16.0 G
8103 5 14.0 A
8104 9742 36.5 T
8105 9 15.8 G
8106 4 38.7 C
8108 3 19.3 A
8109 9284 36.2 T
8110 9269 36.9 T
8111 1 40.0 C
8112 22 32.2 C
8113 8 32.9 C
8114 4 33.5 G
8115 2 15.0 G
8117 1 15.0 C
8118 2 20.5 G
8119 8493 35.2 T
8120 1 16.0 C
8121 8306 34.5 T
8122 2 15.0 A
8123 5 15.6 A
8124 1 15.0 A
8125 2 15.5 C
8126 6 22.2 C
8127 4 18.7 A
8128 4 15.0 A
8129 5 28.2 A
8130 1 15.0 C
8131 4 20.7 C
8132 2 15.5 A
8133 20 34.3 C
8134 7230 36.1 T
8135 7120 35.6 T
8136 6992 36.4 T
8138 3 16.0 A
8139 2 35.0 C
8140 4 23.5 C
8141 5 29.8 G
8142 1 15.0 C
8143 6383 34.1 T
8145 3 22.3 C
8146 5 15.2 A
8147 2 33.5 C
8149 2 21.0 A
8151 2 22.5 C
8153 5 18.2 G
8154 4 16.0 G
8156 2 13.0 G
8157 5123 35.0 T
8159 4773 36.1 T
8160 6 22.3 A
8161 2 16.0 C
8162 4454 35.8 T
8163 1 36.0 A
8164 1 16.0 C
8165 1 15.0 G
8166 1 15.0 G
8167 4106 36.1 T
8170 1 16.0 A
8171 3871 36.2 T
8172 7 17.6 G
8173 1 39.0 C
8174 3698 35.4 T
8175 1 15.0 C
8176 3518 36.8 T
8177 31 14.7 G
8178 1 13.0 A
8179 2 15.5 A
8180 1 34.0 A
8181 3262 35.7 T
8183 3176 36.2 T
8184 2 15.0 G
8185 3061 36.8 T
8186 13 14.3 G
8187 4 16.0 G
8188 5 26.6 A
8189 2 15.0 G
8193 3 16.0 A
8196 1 16.0 A
8197 2 27.0 C
8198 1 15.0 A
8200 2241 34.4 T
8201 2217 34.7 T
8202 2198 35.5 T
8203 1 13.0 C
8204 1 36.0 A
8205 2021 36.6 T
8206 4 16.0 G
8208 1 14.0 C
8211 1695 35.8 T
8212 2 27.5 C
8214 1565 35.4 T
8217 1417 36.4 T
8221 1 16.0 A
8222 1201 35.3 T
8223 1166 36.4 T
8224 2 36.5 A
8226 1073 36.5 T
8227 1057 36.7 T
8232 935 36.0 T
8235 1 16.0 A
8236 1 16.0 A
8238 763 35.4 T
8240 697 35.5 T
8241 659 36.7 T
8242 638 37.1 T
8243 2 15.0 G
8247 502 36.8 T
8253 1 15.0 C
8256 368 37.2 T
8257 2 38.5 A
8258 347 35.9 T
8259 329 36.0 T
8260 321 36.8 T
8262 1 14.0 C
8263 1 16.0 C
8265 260 35.2 T
8267 232 35.2 T
8277 136 32.2 T
8279 121 34.2 T
8286 97 31.4 T
8288 88 32.4 T
8298 6 33.3 T
8300 6 37.7 T
8306 6 31.8 T
8310 3 38.0 T
8311 3 36.3 T
8316 4 36.7 T
8317 4 38.0 T
8322 2 39.5 T
8323 2 40.0 T
8324 2 38.5 T
8325 2 39.5 T
8329 2 39.0 T
8330 2 39.5 T
8336 2 27.0 T
8337 2 38.5 T
8353 2 39.0 T
8355 2 38.0 T
8356 2 37.0 T
8357 2 39.5 T
8362 2 38.5 T
8367 7 37.7 T
8376 7 35.0 T
8380 7 35.3 T
8383 7 35.7 T
8388 7 38.4 T
8390 7 38.7 T
8400 7 35.0 T
8403 7 35.3 T
8404 7 37.0 T
8412 7 37.3 T
8415 6 36.5 T
8418 6 34.8 T
8419 6 34.8 T
8424 6 36.5 T
8426 6 30.0 T
8427 6 35.7 T
8430 6 30.8 T
8433 1 15.0 T
8442 36 24.2 T
8448 36 35.2 T
8450 36 31.1 T
8451 36 30.4 T
8462 35 33.3 T
8469 36 32.8 T
8473 34 34.7 T
8477 36 36.2 T
8490 36 34.1 T
8496 36 35.0 T
8503 2 39.0 T
8504 4 34.5 T
8506 4 36.0 T
8516 4 37.5 T
8528 6 34.3 T
8538 6 36.7 T
8540 6 29.8 T
8542 36 33.3 T
8543 36 34.4 T
8547 36 34.1 T
8548 36 36.1 T
8551 36 34.3 T
8552 40 36.6 T
8555 41 36.6 T
8556 41 36.6 T
8567 41 35.0 T
8570 41 36.4 T
8576 42 34.1 T
8588 44 37.5 T
8591 44 37.2 T
8594 45 33.8 T
8597 45 35.9 T
8598 45 35.7 T
8600 45 35.2 T
8602 42 34.7 T
8603 43 33.6 T
8604 43 33.7 T
8610 18 32.5 T
8612 19 32.4 T
8614 19 35.4 T
8615 19 36.5 T
8618 18 36.3 T
8626 25 35.7 T
8632 25 36.3 T
8634 25 34.8 T
8636 30 30.9 T
8639 30 36.0 T
8651 37 35.6 T
8654 47 34.8 T
8668 65 35.5 T
8672 71 34.5 T
8675 73 34.3 T
8681 88 35.1 T
8686 89 33.6 T
8696 146 35.7 T
8699 168 36.1 T
8705 189 34.2 T
8715 239 36.0 T
8728 344 37.1 T
8731 348 33.7 T
8733 343 33.9 T
8735 362 35.7 T
8736 363 37.0 T
8738 370 36.4 T
8741 376 37.0 T
8742 1 15.0 A
8744 385 36.4 T
8746 393 35.4 T
8749 403 35.7 T
8750 404 36.1 T
8753 399 37.0 T
8756 415 36.9 T
8757 414 36.7 T
8758 428 36.5 T
8759 429 36.7 T
8760 420 36.9 T
8762 430 36.9 T
8763 400 36.8 T
8764 1 16.0 G
8772 375 36.7 T
8777 360 35.8 T
8780 348 36.1 T
8784 1 14.0 A
8786 310 34.2 T
8789 306 36.3 T
8791 1 16.0 C
8793 283 35.0 T
8797 270 36.2 T
8800 264 36.7 T
8801 258 36.4 T
8802 257 36.9 T
8819 171 36.5 T
8821 158 35.5 T
8822 1 16.0 C
8823 153 34.7 T
8825 152 36.2 T
8831 138 36.8 T
8837 114 36.8 T
8838 1 30.0 G
8843 93 34.9 T
8848 69 36.3 T
8849 69 37.0 T
8851 61 36.8 T
8864 298 34.4 T
8867 429 35.8 T
8868 492 36.2 T
8870 564 36.7 T
8875 751 35.3 T
8876 774 36.2 T
8877 815 37.1 T
8878 1 16.0 C
8881 1063 34.5 T
8883 1170 36.2 T
8884 1 16.0 A
8888 1361 36.2 T
8889 1421 36.8 T
8890 1 16.0 A
8892 1 27.0 A
8895 1618 37.7 T
8896 1 37.0 G
8897 3 31.3 C
8898 1 16.0 C
8900 1870 37.1 T
8906 1 34.0 A
8907 1 16.0 C
8908 2243 36.4 T
8909 2274 36.5 T
8911 2364 36.7 T
8912 2422 37.3 T
8916 1 39.0 A
8917 1 16.0 C
8922 2 39.5 C
8923 1 14.0 A
8924 2 40.0 C
8926 1 16.0 C
8927 2 23.0 C
8928 3162 36.7 T
8929 2 27.5 A
8930 6 21.3 C
8931 1 16.0 A
8932 2 16.0 C
8933 1 16.0 C
8934 1 40.0 C
8936 3494 37.0 T
8937 3529 37.5 T
8939 3620 37.0 T
8941 1 16.0 C
8942 1 16.0 C
8945 3839 37.4 T
8946 1 15.0 A
8947 1 40.0 C
8948 3880 37.8 T
8949 1 16.0 A
8950 1 16.0 G
8951 3914 37.3 T
8952 3919 37.7 T
8953 1 16.0 A
8954 3962 37.3 T
8955 3961 37.3 T
8957 3981 37.5 T
8958 1 38.0 C
8961 2 16.0 A
8964 3 19.7 C
8966 3818 37.0 T
8967 1 34.0 C
8968 1 16.0 A
8969 1 16.0 G
8970 2 33.5 C
8972 3844 36.7 T
8974 1 39.0 C
8975 3835 36.6 T
8978 3760 37.1 T
8979 3703 37.2 T
8981 1 16.0 A
8982 4 30.2 A
8983 2 15.5 C
8986 2 27.5 A
8987 3554 37.3 T
8988 2 16.0 A
8989 3 14.7 G
8990 1 16.0 C
8993 3576 37.4 T
8994 7 14.7 G
8995 1 27.0 G
8996 15 35.3 C
8999 3457 37.8 T
9001 6 35.7 C
9003 2 26.0 C
9005 3380 36.2 T
9006 1 13.0 A
9009 2 36.5 C
9010 1 27.0 G
9012 3181 34.5 T
9016 1 16.0 A
9017 3061 37.2 T
9018 3045 37.7 T
9021 2944 37.8 T
9022 9 14.3 G
9023 4 38.0 C
9024 1 40.0 A
9026 1 15.0 G
9027 1 36.0 C
9028 1 39.0 C
9029 2 24.5 A
9032 2621 36.5 T
9035 2555 35.8 T
9036 1 40.0 C
9038 2463 37.2 T
9039 1 13.0 G
9040 1 40.0 C
9042 1 15.0 C
9043 1 16.0 C
9044 2344 37.5 T
9046 1 16.0 A
9047 2342 36.8 T
9048 2311 37.4 T
9049 7 16.0 G
9050 1 16.0 G
9053 2 16.0 G
9054 1 16.0 C
9055 2 15.5 G
9056 2 14.0 C
9059 2 14.0 C
9062 2096 36.8 T
9068 1890 36.2 T
9070 1817 35.2 T
9072 2 15.5 A
9076 1 39.0 A
9077 1631 35.3 T
9078 1607 35.9 T
9079 1 13.0 A
9080 1 16.0 A
9083 1486 35.0 T
9084 1466 36.1 T
9085 2 15.0 C
9088 1375 36.3 T
9090 1295 36.4 T
9095 1131 35.6 T
9096 1069 36.8 T
9098 1025 35.7 T
9101 921 35.9 T
9103 841 35.6 T
9104 822 36.9 T
9110 719 37.1 T
9111 697 37.3 T
9113 675 37.5 T
9116 623 37.4 T
9117 615 37.7 T
9119 583 37.9 T
9122 525 38.3 T
9123 1 13.0 G
9126 477 37.2 T
9128 445 37.2 T
9131 393 38.3 T
9136 1 16.0 A
9137 336 37.3 T
9138 1 39.0 C
9141 303 37.4 T
9142 1 13.0 G
9143 285 38.2 T
9148 241 36.6 T
9149 234 37.9 T
9152 215 37.3 T
9160 145 37.5 T
9162 1 36.0 C
9164 123 35.8 T
9165 119 36.0 T
9166 117 36.6 T
9167 109 36.9 T
9173 90 36.1 T
9174 89 36.9 T
9176 83 36.8 T
9179 68 38.3 T
9181 1 16.0 A
9185 44 35.0 T
9187 37 34.8 T
9191 30 37.8 T
9205 8 38.0 T
9208 81 36.9 T
9219 87 36.0 T
9224 110 38.3 T
9228 110 36.9 T
9230 110 36.2 T
9231 1 40.0 C
9233 110 36.9 T
9235 110 37.0 T
9238 110 38.0 T
9252 110 37.4 T
9259 110 36.2 T
9271 109 35.0 T
9273 107 34.8 T
9280 24 33.0 T
9283 23 37.9 T
9286 26 35.5 T
9291 4 35.0 T
9298 4 37.5 T
9304 4 35.0 T
9306 4 32.2 T
9309 4 32.2 T
9310 7 31.3 T
9311 7 30.3 T
9315 6 33.7 T
9316 7 36.0 T
9321 7 28.3 T
9325 9 32.8 T
9331 21 31.9 T
9334 21 31.1 T
9337 21 35.9 T
9340 24 35.9 T
9346 24 38.0 T
9349 27 35.5 T
9361 28 36.1 T
9367 28 37.2 T
9369 28 36.9 T
9375 31 35.2 T
9378 35 36.5 T
9388 51 36.7 T
9402 1 13.0 A
9405 56 36.2 T
9411 1 27.0 G
9428 68 36.7 T
9430 70 37.5 T
9442 80 35.5 T
9443 80 36.7 T
9447 106 35.8 T
9454 123 36.1 T
9457 125 34.8 T
9460 135 35.7 T
9462 142 35.2 T
9463 152 34.6 T
9464 156 35.1 T
9466 169 35.7 T
9467 177 35.7 T
9471 190 34.6 T
9478 209 34.4 T
9479 220 35.0 T
9480 221 36.5 T
9481 219 36.9 T
9482 230 37.0 T
9483 233 37.5 T
9484 235 37.2 T
9486 236 36.1 T
9487 244 37.2 T
9495 313 35.2 T
9496 319 35.9 T
9497 337 36.5 T
9498 356 36.7 T
9499 373 36.8 T
9501 405 37.0 T
9506 3 39.0 C
9507 466 36.7 T
9508 482 36.6 T
9509 493 36.3 T
9510 504 36.8 T
9512 1 40.0 C
9515 1 16.0 C
9516 547 35.2 T
9523 646 37.0 T
9530 724 35.1 T
9531 1 15.0 A
9532 1 15.0 C
9534 2 14.5 C
9536 1 16.0 C
9537 1 14.0 C
9540 823 35.6 T
9541 865 35.9 T
9544 1 15.0 G
9545 1 15.0 A
9546 1 16.0 G
9547 1 34.0 G
9550 1 39.0 A
9552 1216 36.3 T
9553 2 27.5 G
9556 3 22.7 C
9557 1 16.0 C
9559 2 15.0 C
9561 1 16.0 A
9564 1 16.0 G
9566 7 37.1 C
9568 1613 35.3 T
9570 1 16.0 A
9572 1 15.0 C
9573 1 16.0 C
9574 1 16.0 C
9576 1 13.0 C
9577 1888 34.0 T
9578 1 14.0 A
9579 1 15.0 A
9580 1 15.0 A
9581 2028 35.7 T
9582 1 39.0 C
9584 7 34.7 C
9586 2222 36.5 T
9592 2562 36.5 T
9593 1 16.0 C
9596 2 16.0 A
9597 1 37.0 C
9598 2771 35.4 T
9601 2901 37.1 T
9603 2 16.0 A
9607 1 16.0 C
9608 1 16.0 A
9609 3199 36.7 T
9611 2 28.0 C
9613 3405 37.3 T
9615 3490 36.3 T
9616 3558 36.9 T
9617 1 16.0 A
9619 3792 36.9 T
9621 2 15.5 G
9623 2 15.0 A
9624 4168 36.6 T
9625 1 40.0 C
9627 1 15.0 G
9631 4538 37.3 T
9633 4509 36.8 T
9635 1 15.0 A
9637 4618 36.4 T
9639 1 40.0 A
9640 1 16.0 C
9641 2 27.0 C
9642 4524 37.1 T
9644 1 15.0 A
9646 1 37.0 C
9647 4605 35.2 T
9649 2 15.0 A
9652 1 14.0 A
9653 4751 37.4 T
9654 1 16.0 A
9656 4730 37.5 T
9657 1 16.0 C
9658 4798 37.6 T
9660 1 16.0 A
9661 5044 37.0 T
9663 3 24.0 G
9664 5 20.6 A
9665 2 14.5 A
9666 4 14.7 A
9667 1 16.0 A
9668 2 28.0 C
9669 4 21.0 A
9670 2 27.0 A
9671 5 29.8 C
9672 3 23.3 C
9673 2 37.0 G
9674 6 19.2 A
9675 2 27.0 A
9676 2 26.0 A
9677 1 37.0 C
9678 2 14.5 C
9679 3 23.7 A
9680 2 16.0 A
9681 2 15.5 A
9682 6616 36.8 T
9684 3 20.0 A
9685 6804 36.9 T
9686 6863 37.3 T
9688 4 21.7 A
9689 1 16.0 A
9690 1 15.0 G
9692 3 15.7 A
9693 1 14.0 C
9694 7367 35.8 T
9695 3 14.7 G
9697 7587 34.8 T
9698 7652 35.7 T
9700 7726 35.7 T
9701 7766 36.2 T
9702 4 32.7 A
9703 6 35.5 C
9704 3 15.7 A
9705 20 35.9 A
9706 8025 36.0 T
9707 8118 35.8 T
9708 8185 35.9 T
9709 8312 36.8 T
9710 1 39.0 A
9712 8465 37.3 T
9713 7 20.9 G
9714 1 13.0 G
9715 3 19.7 G
9716 8438 35.4 T
9718 8473 35.1 T
9720 8559 36.6 T
9722 8587 37.0 T
9723 8624 36.8 T
9724 8634 37.2 T
9725 8684 37.8 T
9727 1 27.0 C
9728 3 16.0 C
9729 2 15.0 C
9730 8932 35.7 T
9732 5 29.0 C
9733 9229 37.4 T
9734 1 15.0 A
9735 1 16.0 C
9738 4 15.0 G
9739 1 39.0 C
9740 5 30.8 C
9741 9841 36.9 T
9742 4 27.7 C
9743 1 16.0 A
9744 7 15.0 G
9745 5 21.6 A
9747 10143 37.3 T
9748 1 16.0 A
9749 1 37.0 C
9750 10247 36.6 T
9751 10324 37.0 T
9752 4 33.5 C
9753 3 20.3 G
9754 2 23.0 A
9755 2 27.0 G
9756 10561 36.1 T
9758 10510 35.6 T
9759 2 16.0 C
9760 2 23.5 C
9761 2 23.5 C
9762 10499 37.1 T
9763 10488 37.4 T
9764 1 16.0 C
9765 3 15.7 A
9766 1 39.0 C
9767 6 23.8 C
9768 10 36.1 A
9769 10295 37.4 T
9770 10234 37.3 T
9771 10093 37.4 T
9773 4 32.2 C
9774 4 24.2 G
9775 3 24.0 A
9776 3 37.7 C
9777 1 30.0 G
9778 2 19.0 G
9779 5 33.4 C
9780 10 17.4 A
9781 9765 36.7 T
9782 2 28.0 C
9783 9636 37.2 T
9784 1 16.0 A
9785 1 40.0 C
9786 4 15.7 G
9787 1 16.0 G
9788 1 16.0 C
9789 9301 33.7 T
9791 1 16.0 A
9792 2 21.5 A
9794 3 15.0 A
9795 8818 37.2 T
9796 8829 36.8 T
9797 8753 36.3 T
9798 8658 36.6 T
9799 8597 37.3 T
9800 8527 36.9 T
9801 7 13.1 G
9802 8416 37.9 T
9803 1 16.0 A
9804 1 16.0 G
9805 4 21.0 C
9806 6 19.7 C
9807 8 20.7 A
9809 10 17.0 A
9810 5 23.2 G
9811 5 24.0 G
9812 2 30.0 C
9813 7697 34.9 T
9814 7687 36.5 T
9815 3 15.7 C
9816 1 16.0 C
9817 2 16.0 A
9818 6 31.5 C
9821 4 15.0 A
9823 6877 34.5 T
9824 6820 36.6 T
9826 4 15.2 A
9827 24 37.4 C
9828 1 13.0 G
9829 6455 36.9 T
9830 1 16.0 C
9831 3 22.7 A
9832 6137 35.6 T
9833 6051 36.2 T
9834 1 14.0 A
9835 5816 36.3 T
9836 5757 36.9 T
9837 19 16.5 G
9838 2 27.0 G
9839 2 26.0 C
9840 5349 35.0 T
9841 25 34.4 C
9842 3 18.3 A
9843 2 16.0 A
9845 5022 36.4 T
9846 4954 36.8 T
9847 4916 37.5 T
9848 2 16.0 C
9850 4643 36.0 T
9851 1 40.0 C
9852 3 28.3 A
9853 1 13.0 C
9854 4286 36.4 T
9856 4081 36.0 T
9857 2 15.0 C
9858 3946 36.6 T
9859 4 14.5 G
9860 2 27.5 C
9861 3743 35.5 T
9862 3694 37.0 T
9863 1 40.0 C
9864 1 16.0 A
9865 3535 36.9 T
9867 5 29.2 C
9868 1 15.0 G
9869 1 16.0 C
9871 3 17.7 A
9872 1 15.0 A
9873 2 27.5 C
9874 2964 37.0 T
9875 1 14.0 A
9876 1 16.0 A
9877 2769 36.9 T
9879 2591 36.7 T
9880 2530 37.3 T
9881 2470 37.5 T
9883 3 16.0 A
9885 2205 36.8 T
9886 2148 37.7 T
9887 2078 38.3 T
9888 2 39.0 A
9889 1 27.0 C
9890 2 15.5 A
9891 1915 37.3 T
9899 1689 36.2 T
9903 1523 36.3 T
9904 1462 37.7 T
9905 1410 37.7 T
9906 10 16.4 G
9909 1259 34.2 T
9910 1250 36.8 T
9913 1 16.0 A
9914 1 16.0 A
9917 1 14.0 C
9920 1 13.0 C
9924 736 36.3 T
9927 668 35.5 T
9930 612 35.4 T
9932 1 16.0 G
9935 539 34.1 T
9936 529 34.5 T
9937 520 35.9 T
9938 502 36.7 T
9940 480 38.0 T
9943 1 16.0 A
9944 434 34.6 T
9945 1 13.0 G
9946 413 35.7 T
9949 383 35.5 T
9950 373 37.0 T
9951 357 36.5 T
9952 1 30.0 G
9955 309 37.0 T
9957 283 36.1 T
9958 273 36.5 T
9959 253 36.2 T
9961 241 35.7 T
9963 221 37.8 T
9965 196 37.0 T
9967 138 37.5 T
9969 138 36.1 T
9973 123 35.7 T
9975 118 34.2 T
9976 1 40.0 A
9977 111 35.9 T
9978 106 36.5 T
9981 98 35.4 T
9987 73 34.8 T
9989 57 34.8 T
9990 49 35.9 T
10060 905 37.4 T
10065 907 36.8 T
10066 907 37.3 T
10071 907 37.7 T
10072 906 38.1 T
10075 907 37.1 T
10076 906 37.2 T
10077 907 38.0 T
10078 906 38.2 T
10081 907 37.0 T
10084 906 35.8 T
10093 910 36.4 T
10096 910 37.9 T
10101 909 37.4 T
10102 910 37.6 T
10105 910 37.9 T
10108 910 37.8 T
10111 909 36.3 T
10114 909 35.6 T
10115 909 36.4 T
10117 910 36.0 T
10118 910 36.7 T
10122 911 36.8 T
10123 909 37.0 T
10124 908 37.3 T
10125 908 37.1 T
10129 5 39.2 T
10138 8 36.6 T
10146 19 35.5 T
10150 21 36.8 T
10153 1 16.0 A
10158 40 36.8 T
10162 1 40.0 C
10166 42 37.7 T
10167 42 38.1 T
10173 50 37.3 T
10179 67 34.8 T
10180 67 36.8 T
10187 78 36.7 T
10189 79 36.8 T
10191 76 36.5 T
10204 91 36.7 T
10208 97 35.9 T
10209 98 35.8 T
10210 98 36.5 T
10212 98 36.1 T
10216 108 37.1 T
10221 110 37.1 T
10222 112 37.1 T
10224 113 37.6 T
10225 113 38.1 T
10227 98 37.5 T
10228 98 38.4 T
10231 102 38.0 T
10235 101 35.8 T
10237 97 35.9 T
10238 2 39.0 T
10242 104 37.1 T
10243 104 36.9 T
10245 97 36.6 T
10246 96 36.9 T
10248 97 37.0 T
10249 96 37.0 T
10251 95 36.9 T
10252 99 36.9 T
10253 100 37.0 T
10254 1 16.0 G
10256 101 35.7 T
10258 99 36.3 T
10264 103 36.7 T
10265 103 37.3 T
10270 96 37.5 T
10273 94 37.4 T
10274 88 37.1 T
10275 89 37.6 T
10276 87 37.7 T
10282 83 36.5 T
10287 79 38.2 T
10294 76 38.1 T
10304 63 37.2 T
10309 58 37.9 T
10315 48 36.2 T
10318 44 37.1 T
10321 43 38.2 T
10322 43 38.2 T
10324 43 39.0 T
10326 42 38.7 T
10329 40 38.6 T
10333 35 37.4 T
10335 33 38.7 T
10336 33 38.8 T
10338 31 37.9 T
10339 31 39.2 T
10342 27 38.4 T
10345 24 38.8 T
10348 22 38.6 T
10351 17 39.6 T
10357 15 38.8 T
10361 14 38.1 T
10363 12 38.7 T
10368 11 38.0 T
10370 11 37.8 T
10374 9 33.9 T
10378 7 28.3 T
10389 4 38.0 T
10390 4 36.2 T
10395 1 40.0 T
10405 64 37.9 T
10408 64 38.6 T
10410 64 38.6 T
10412 64 38.8 T
10413 64 38.2 A
10415 64 36.8 T
10416 64 35.8 T
10417 64 37.7 T
10430 64 37.1 T
10433 64 35.6 T
10434 64 35.1 T
10435 64 36.1 T
10440 64 36.4 T
10443 64 37.0 T
10444 64 37.5 T
10448 64 36.7 T
10449 64 37.5 T
10451 64 37.7 T
10454 64 37.3 T
10457 64 36.1 T
10460 64 37.6 T
10462 64 37.2 T
10463 64 36.8 T
10464 64 36.9 T
10471 119 36.0 T
10477 111 36.2 T
10480 113 35.2 T
10481 113 35.3 T
10482 112 35.4 T
10486 113 37.1 T
10490 113 37.0 T
10492 112 36.9 T
10493 113 37.8 T
10495 113 37.4 T
10498 113 37.9 T
10503 113 36.6 T
10504 113 36.4 T
10505 113 37.0 T
10510 113 37.2 T
10512 112 36.2 T
10516 113 36.8 T
10517 114 37.6 T
10519 113 36.7 T
10525 114 35.2 T
10528 114 37.0 T
10531 114 37.3 T
10533 115 35.6 T
10535 113 35.8 T
10539 55 28.1 T
10546 4 35.5 T
10549 4 39.2 T
10551 4 36.5 T
10554 4 27.0 T
10558 6 29.3 T
10561 6 35.3 T
10563 6 32.0 T
10567 6 36.0 T
10576 15 34.4 T
10579 15 36.9 T
10582 15 36.7 T
10584 16 38.6 T
10588 21 37.6 T
10590 21 37.6 T
10591 21 37.2 T
10594 24 37.9 T
10595 24 37.7 T
10597 24 37.7 T
10601 24 37.1 T
10604 27 36.0 T
10606 27 33.9 T
10609 30 36.8 T
10615 32 36.7 T
10626 34 36.6 T
10630 33 37.6 T
10632 34 37.2 T
10633 35 37.8 T
10640 40 36.8 T
10642 40 37.7 T
10643 40 38.2 T
10645 40 37.3 T
10649 47 37.3 T
10651 48 37.5 T
10652 48 38.1 T
10657 53 36.7 T
10660 54 38.1 T
10663 58 35.7 T
10665 58 36.3 T
10666 59 36.6 T
10667 59 37.3 T
10668 1 15.0 G
10674 61 36.4 T
10687 60 38.1 T
10693 62 37.9 T
10699 68 37.7 T
10700 1 15.0 A
10702 69 37.8 T
10705 69 35.1 T
10707 68 34.5 T
10711 74 35.2 T
10713 75 34.5 T
10722 83 37.0 T
10724 88 37.0 T
10729 97 36.3 T
10734 98 36.6 T
10735 1 16.0 A
10738 102 37.1 T
10741 1 15.0 A
10742 107 36.6 T
10744 1 39.0 A
10747 106 37.0 T
10753 108 36.2 T
10756 114 35.7 T
10761 121 36.8 T
10764 142 36.9 T
10770 141 38.6 T
10773 136 37.4 T
10776 144 37.0 T
10785 156 36.0 T
10786 159 36.1 T
10788 168 36.8 T
10790 171 35.5 T
10791 177 36.0 T
10794 184 36.2 T
10800 191 36.6 T
10805 197 37.3 T
10809 202 36.6 T
10810 202 36.8 T
10811 201 37.2 T
10812 1 40.0 C
10821 1 14.0 A
10824 219 37.1 T
10827 217 37.2 T
10828 215 37.5 T
10829 215 37.7 T
10833 222 36.5 T
10854 226 37.2 T
10857 220 37.0 T
10858 224 37.4 T
10860 221 37.1 T
10861 210 37.6 T
10866 213 35.4 T
10869 223 34.8 T
10873 225 35.8 T
10875 233 36.4 T
10878 234 37.9 T
10880 237 37.8 T
10881 235 37.7 T
10882 234 37.4 T
10883 238 36.6 T
10884 238 37.1 T
10885 232 37.1 T
10893 230 36.8 T
10902 1 40.0 A
10905 225 36.1 T
10907 222 37.4 T
10908 224 37.1 T
10909 227 37.6 T
10913 230 36.7 T
10915 226 34.4 T
10916 224 34.7 T
10919 1 15.0 C
10922 1 15.0 A
10925 221 31.5 T
10926 224 34.4 T
10927 228 34.9 T
10928 218 35.8 T
10931 228 32.9 T
10938 1 15.0 C
10940 1 14.0 C
10941 215 28.4 T
10942 3 19.7 A
10944 1 16.0 C
10945 2 16.0 A
10950 2 28.0 C
10953 241 27.0 T
10956 254 31.4 T
10957 1 16.0 A
10958 1 16.0 A
10959 269 31.6 T
10962 269 32.4 T
10963 1 15.0 A
10966 261 33.1 T
10967 1 16.0 A
10968 1 16.0 C
10970 258 34.0 T
10971 2 16.0 G
10974 251 31.5 T
10975 1 15.0 C
10976 1 15.0 C
10977 257 33.5 T
10978 1 16.0 A
10979 1 15.0 C
10983 264 32.2 T
10985 1 16.0 A
10989 269 33.5 T
10991 1 15.0 A
10992 276 34.9 T
10993 1 15.0 G
10995 1 27.0 C
10999 1 37.0 C
11009 333 34.5 T
11010 331 35.6 T
11012 340 35.8 T
11017 338 36.9 T
11021 1 16.0 C
11025 354 35.8 T
11027 352 35.2 T
11029 1 38.0 A
11038 1 13.0 A
11040 342 33.9 T
11042 345 34.4 T
11046 361 34.9 T
11048 355 35.6 T
11050 365 36.9 T
11052 373 36.6 T
11055 358 37.2 T
11058 354 35.9 T
11060 351 35.6 T
11063 1 15.0 C
11064 364 37.0 T
11070 344 36.5 T
11072 341 35.3 T
11075 349 37.6 T
11076 350 37.9 T
11079 342 37.1 T
11080 342 37.2 T
11082 353 37.5 T
11084 1 16.0 A
11087 359 37.3 T
11088 358 37.3 T
11094 1 15.0 C
11103 366 36.6 T
11106 369 36.8 T
11108 1 30.0 A
11109 378 37.5 T
11111 378 37.2 T
11112 375 36.7 T
11113 370 36.2 T
11114 375 37.0 T
11116 377 37.1 T
11118 378 36.9 T
11119 1 16.0 C
11120 377 36.3 T
11121 372 37.1 T
11123 370 36.5 T
11124 371 37.4 T
11128 1 15.0 A
11130 2 38.5 C
11136 382 36.6 T
11137 383 37.4 T
11139 378 37.4 T
11147 344 37.6 T
11148 341 37.9 T
11152 333 36.3 T
11154 335 37.0 T
11157 349 36.8 T
11163 1 13.0 G
11165 343 35.1 T
11168 1 16.0 G
11187 335 36.8 T
11201 315 36.6 T
11204 303 36.1 T
11205 301 36.5 T
11208 299 36.7 T
11210 296 35.7 T
11211 300 36.2 T
11213 300 35.6 T
11220 295 37.5 T
11223 294 38.0 T
11228 289 34.8 T
11232 294 36.4 T
11233 296 36.4 T
11236 1 16.0 C
11238 290 36.7 T
11241 291 36.1 T
11244 299 36.5 T
11247 1 16.0 C
11248 2 26.0 A
11250 310 36.2 T
11253 301 36.1 T
11254 298 35.9 T
11255 295 36.8 T
11260 285 34.5 T
11271 305 36.4 T
11273 1 14.0 G
11276 288 32.5 T
11280 305 35.8 T
11282 1 39.0 A
11286 287 36.0 T
11287 291 36.2 T
11289 297 35.2 T
11292 290 35.6 T
11295 285 34.0 T
11299 291 35.1 T
11301 287 35.6 T
11305 284 36.8 T
11306 1 13.0 G
11316 281 36.0 T
11318 283 36.3 T
11324 279 36.7 T
11327 279 36.2 T
11339 257 35.7 T
11340 254 36.5 T
11343 252 37.0 T
11344 1 14.0 A
11345 249 37.2 T
11346 2 37.0 G
11349 244 36.9 T
11353 243 33.5 T
11354 247 36.2 T
11357 1 16.0 A
11361 244 36.7 T
11365 238 34.2 T
11366 238 34.8 T
11367 234 36.4 T
11368 235 36.6 T
11370 234 37.5 T
11373 233 37.0 T
11379 216 36.1 T
11382 9 29.6 C
11383 216 36.1 T
11385 219 36.1 T
11386 214 35.8 T
11387 216 37.5 T
11394 216 35.2 T
11399 215 36.3 T
11400 210 37.2 T
11402 214 37.0 T
11406 205 35.0 T
11410 203 36.9 T
11419 198 35.7 T
11421 187 36.7 T
11428 1 15.0 C
11433 183 35.0 T
11437 183 34.9 T
11441 176 36.2 T
11445 170 36.7 T
11448 162 36.1 T
11451 163 36.3 T
11452 158 36.4 T
11457 1 15.0 C
11460 157 35.2 T
11463 153 33.2 T
11465 151 33.7 T
11466 155 35.1 T
11472 162 36.9 T
11480 156 33.3 T
11482 154 35.6 T
11485 152 37.3 T
11487 150 36.5 T
11490 147 35.8 T
11496 143 31.9 T
11502 144 34.9 T
11505 148 35.4 T
11506 147 35.4 T
11508 143 34.0 T
11514 1 14.0 C
11517 137 35.6 T
11529 138 36.4 T
11534 140 35.8 T
11540 151 34.5 T
11541 151 35.7 T
11544 157 36.8 T
11545 167 36.1 T
11547 171 37.1 T
11550 178 37.3 T
11552 177 36.6 T
11556 181 36.6 T
11558 182 37.3 T
11565 185 37.6 T
11568 186 36.2 T
11569 186 36.4 T
11571 189 37.0 T
11579 199 35.2 T
11583 216 36.7 T
11585 219 37.0 T
11589 221 37.2 T
11591 1 16.0 C
11601 1 39.0 A
11604 268 35.2 T
11609 285 37.0 T
11613 309 35.2 T
11615 1 16.0 A
11616 322 36.8 T
11617 352 37.2 T
11621 381 36.9 T
11624 417 36.2 T
11626 420 36.4 T
11627 428 36.8 T
11631 454 36.6 T
11634 1 16.0 G
11640 493 37.4 T
11646 505 36.3 T
11647 1 39.0 C
11648 1 16.0 G
11649 532 37.1 T
11652 555 37.0 T
11660 1 16.0 A
11661 613 35.5 T
11662 624 35.9 T
11664 634 34.9 T
11666 3 23.0 A
11667 647 35.8 T
11678 719 36.4 T
11684 805 34.5 T
11685 786 36.0 T
11690 1 16.0 G
11694 1 14.0 C
11697 1047 36.6 T
11700 1088 35.2 T
11701 1097 36.2 T
11703 1091 35.5 T
11706 1106 36.7 T
11707 2 35.0 A
11709 1127 36.8 T
11714 1 15.0 C
11716 1 16.0 C
11719 1 16.0 G
11721 1276 35.0 T
11722 1308 36.3 T
11726 1371 35.9 T
11727 1 16.0 C
11729 1392 35.6 T
11731 1 13.0 A
11732 1450 35.9 T
11733 1461 36.5 T
11734 3 29.0 A
11735 1 15.0 C
11736 1549 37.0 T
11738 1584 36.6 T
11739 1595 37.1 T
11741 1664 37.3 T
11742 2 13.0 G
11743 1 39.0 C
11745 1791 36.8 T
11746 1 16.0 A
11749 1 15.0 A
11750 1 16.0 A
11751 1 16.0 A
11753 1889 35.2 T
11754 2 28.0 C
11755 2 21.5 A
11756 1 16.0 A
11759 2045 36.8 T
11762 1 16.0 G
11763 2 21.0 A
11764 1 16.0 A
11765 1 31.0 C
11768 2 14.5 A
11769 1 15.0 C
11770 2401 34.6 T
11771 1 15.0 C
11773 1 40.0 C
11776 2573 37.0 T
11778 2 15.0 G
11780 2 14.5 A
11781 2735 35.1 T
11783 1 16.0 A
11784 2812 36.9 T
11786 8 33.1 A
11787 2840 36.0 T
11789 1 16.0 C
11790 2859 35.6 T
11791 3 35.3 C
11792 2903 35.7 T
11793 1 15.0 C
11794 2972 35.6 T
11796 1 16.0 A
11798 2 26.5 G
11799 1 39.0 G
11802 3305 36.2 T
11803 3323 36.7 T
11808 1 15.0 C
11809 3528 35.5 T
11811 3578 36.1 T
11812 1 14.0 A
11813 2 26.0 C
11814 3637 35.4 T
11816 1 40.0 C
11817 3 31.3 C
11818 1 27.0 A
11819 2 15.5 C
11820 3772 36.9 T
11822 1 15.0 A
11823 3823 36.8 T
11824 1 16.0 A
11827 3910 35.4 T
11828 3945 36.1 T
11829 4000 36.9 T
11830 4003 37.5 T
11831 4026 37.7 T
11832 3 13.3 G
11833 1 16.0 A
11834 4056 37.6 T
11835 1 16.0 G
11836 3 15.7 A
11838 4181 36.2 T
11839 4202 36.7 T
11840 1 34.0 C
11841 4277 37.5 T
11843 1 39.0 G
11846 1 27.0 A
11847 3 26.3 G
11848 4 38.5 C
11849 1 16.0 C
11850 4530 36.9 T
11851 1 40.0 C
11852 1 15.0 G
11854 4698 35.9 T
11856 1 15.0 A
11858 2 33.0 C
11859 4708 35.9 T
11860 2 38.0 C
11861 1 15.0 G
11863 3 15.3 C
11864 4831 36.4 T
11865 4869 37.1 T
11867 3 26.7 C
11868 3 23.7 C
11869 3 22.7 C
11870 2 15.0 C
11871 1 16.0 C
11872 1 14.0 C
11873 2 14.0 A
11875 4824 35.8 T
11877 4797 35.7 T
11878 4799 36.3 T
11880 1 16.0 A
11881 1 39.0 C
11883 4844 36.9 T
11884 1 15.0 A
11886 4927 37.5 T
11887 2 15.0 G
11888 2 33.5 G
11889 2 19.5 G
11890 7 19.0 A
11891 1 13.0 G
11892 9 17.6 A
11894 1 14.0 C
11895 4852 36.8 T
11897 4841 36.4 T
11898 1 40.0 C
11899 4857 37.5 T
11901 4850 37.7 T
11902 6 15.0 G
11903 1 40.0 C
11904 4849 37.3 T
11906 2 21.0 G
11907 4810 37.9 T
11908 1 16.0 A
11910 2 15.5 C
11911 2 16.0 C
11913 2 39.0 C
11914 2 16.0 G
11915 4764 36.1 T
11916 4783 36.5 T
11918 4759 36.7 T
11920 2 21.5 C
11921 4731 37.5 T
11922 2 14.5 G
11924 4717 37.6 T
11926 2 27.5 A
11927 7 15.1 A
11928 5 19.6 A
11929 4618 35.8 T
11930 1 25.0 A
11931 4579 35.8 T
11932 1 37.0 C
11933 3 16.0 A
11935 4467 35.5 T
11937 4385 35.4 T
11940 4292 37.4 T
11941 2 14.0 A
11943 4170 37.8 T
11944 4150 38.1 T
11946 1 16.0 C
11949 2 29.0 G
11950 2 15.5 A
11952 3825 36.4 T
11953 1 37.0 C
11956 2 27.5 C
11957 1 15.0 A
11958 3666 37.4 T
11961 3465 37.7 T
11964 3359 37.3 T
11965 1 40.0 C
11966 1 16.0 A
11967 1 40.0 C
11968 4 14.5 A
11970 5 34.4 C
11971 1 16.0 C
11972 3 15.0 C
11973 3152 35.0 T
11975 3097 35.0 T
11978 2953 34.8 T
11982 2801 35.2 T
11984 2715 35.1 T
11987 2 15.0 A
11988 2574 36.9 T
11990 2510 35.8 T
11991 2472 36.2 T
11992 2449 36.7 T
11996 1 31.0 A
11997 1 16.0 C
12001 1 16.0 A
12003 1 16.0 A
12004 2 16.0 A
12005 1976 36.7 T
12006 1 15.0 G
12007 1 15.0 G
12010 1 13.0 C
12011 1767 33.4 T
12014 1 27.0 C
12015 1607 34.3 T
12017 1 14.0 A
12023 30 34.0 C
12024 1 15.0 A
12027 1279 36.1 T
12028 1256 36.5 T
12031 2 27.5 C
12032 1 14.0 A
12033 2 27.5 A
12036 1055 37.2 T
12037 1 13.0 A
12039 1 15.0 A
12043 1 13.0 C
12044 791 35.3 T
12047 729 36.3 T
12048 719 37.0 T
12066 421 35.3 T
12069 401 36.2 T
12071 376 35.7 T
12072 365 36.4 T
12075 335 36.4 T
12076 1 16.0 A
12081 282 35.8 T
12083 261 33.9 T
12086 1 15.0 C
12090 210 34.3 T
12091 201 34.9 T
12093 186 31.4 T
12096 169 33.3 T
12099 147 36.3 T
12101 134 35.5 T
12102 1 16.0 C
12105 116 36.2 T
12117 73 33.3 T
12120 64 33.1 T
12121 59 34.8 T
12127 1 39.0 G
12128 41 31.2 T
12129 40 32.8 T
12130 39 31.9 T
12131 38 33.7 T
12134 32 31.7 T
12136 25 35.3 T
12137 21 37.1 T
12338 3 35.7 T
12344 3 38.7 T
12351 3 37.0 T
12354 3 39.0 T
12356 3 35.7 T
12365 3 33.3 T
12371 3 39.3 T
12375 3 33.7 T
12376 3 38.3 T
12380 3 36.7 T
12383 3 37.0 T
12384 3 37.7 T
12392 3 35.7 T
12395 3 28.7 T
12396 3 30.7 T
12404 2 31.5 T
12460 2 35.0 T
12466 2 37.5 T
12467 2 39.0 T
12468 2 38.5 T
12470 2 38.5 T
12471 2 38.0 T
12473 2 39.5 T
12477 2 39.0 T
12479 2 37.5 T
12481 2 28.0 T
12482 2 36.0 T
12494 2 39.5 T
12496 2 38.5 T
12497 2 37.5 T
12500 2 37.0 T
12502 4 36.7 T
12506 4 35.7 T
12518 4 39.2 T
12519 4 39.2 T
12521 4 39.2 T
12522 4 38.7 T
12524 4 36.5 T
12526 4 39.2 T
12532 4 38.5 T
12538 4 39.5 T
12563 9 33.1 T
12565 10 35.7 T
12569 10 36.6 T
12574 10 35.4 T
12575 10 37.7 T
12581 24 35.8 T
12586 29 35.8 T
12589 29 36.3 T
12590 29 37.8 T
12592 34 35.4 T
12596 40 36.5 T
12599 45 36.5 T
12601 45 35.7 T
12602 46 35.3 T
12605 46 36.3 T
12609 56 36.5 T
12611 57 36.9 T
12616 59 36.7 T
12617 63 36.6 T
12619 63 36.9 T
12620 64 36.5 T
12623 67 36.6 T
12624 70 37.0 T
12628 70 37.8 T
12631 75 36.4 T
12635 79 36.4 T
12638 83 36.9 T
12643 88 34.0 T
12644 88 35.8 T
12646 91 35.2 T
12650 94 37.4 T
12652 93 37.9 T
12655 105 37.4 T
12657 107 37.7 T
12659 114 37.2 T
12664 125 35.5 T
12677 165 35.5 T
12678 163 36.5 T
12681 160 34.8 T
12685 170 33.5 T
12686 171 33.9 T
12688 176 34.4 T
12689 177 34.6 T
12692 1 16.0 A
12694 190 35.6 T
12696 195 34.4 T
12697 1 16.0 C
12698 195 35.1 T
12701 198 36.0 T
12704 198 37.4 T
12705 187 37.0 C
12706 200 37.1 T
12707 201 36.9 T
12710 204 37.7 T
12712 1 16.0 A
12713 215 35.7 T
12714 221 36.4 T
12718 1 15.0 A
12719 239 37.0 T
12722 240 37.2 T
12723 1 37.0 A
12725 246 36.8 T
12727 249 36.7 T
12728 250 37.5 T
12731 259 37.6 T
12732 265 37.6 T
12738 275 35.7 T
12746 284 37.4 T
12748 288 37.5 T
12749 287 37.7 T
12755 290 37.8 T
12757 288 37.8 T
12758 290 37.5 T
12761 284 37.8 T
12766 297 36.8 T
12768 1 39.0 A
12776 296 37.8 T
12778 1 15.0 G
12780 1 16.0 A
12782 294 35.3 T
12783 296 36.4 T
12785 293 37.8 T
12787 288 36.9 T
12790 285 37.6 T
12791 281 36.8 T
12793 271 37.9 T
12794 273 37.7 T
12797 277 35.0 T
12800 280 36.0 T
12804 281 37.2 T
12805 287 37.6 T
12808 288 37.3 T
12811 278 37.4 T
12813 4 39.5 C
12825 249 37.2 T
12834 1 16.0 A
12842 222 37.0 T
12843 224 37.5 T
12849 1 14.0 A
12851 218 35.8 T
12854 212 37.2 T
12856 212 36.5 T
12859 1 16.0 A
12864 193 37.0 T
12866 188 35.6 T
12873 171 35.2 T
12875 172 34.8 T
12879 161 34.8 T
12880 163 35.4 T
12881 161 36.3 T
12884 161 36.2 T
12887 159 35.7 T
12892 161 34.9 T
12893 159 36.4 T
12898 155 37.5 T
12901 146 35.2 T
12902 145 36.2 T
12903 144 37.1 T
12905 140 37.0 T
12908 139 36.5 T
12913 131 35.7 T
12919 137 36.2 T
12922 136 37.3 T
12938 143 36.9 T
12944 142 36.6 T
12945 141 36.8 T
12947 137 36.0 T
12954 145 35.2 T
12957 145 36.6 T
12965 142 36.1 T
12974 145 36.8 T
12977 150 37.5 T
12983 176 35.6 T
12986 175 34.9 T
12989 171 37.1 T
13006 168 36.6 T
13015 174 36.9 T
13016 173 37.6 T
13017 1 40.0 A
13020 170 36.5 T
13022 169 35.2 T
13026 1 39.0 C
13029 1 15.0 C
13030 155 36.3 T
13034 148 33.9 T
13037 1 16.0 C
13039 152 35.5 T
13045 1 15.0 A
13046 137 37.0 T
13050 1 16.0 A
13064 94 35.6 T
13066 88 34.3 T
13073 76 36.0 T
13076 64 32.5 T
13081 55 33.6 T
13089 54 34.1 T
13091 52 34.9 T
13094 47 37.9 T
13095 46 37.0 T
13097 45 38.1 T
13106 37 33.8 T
13108 37 35.9 T
13109 37 36.9 T
13111 36 37.0 T
13112 34 37.7 T
13115 31 35.0 T
13118 31 35.5 T
13123 25 33.2 T
13124 24 35.0 T
13133 23 35.3 T
13143 18 37.8 T
13151 18 34.8 T
13154 15 33.7 T
13161 17 34.4 T
13163 15 34.5 T
13169 16 36.9 T
13171 16 37.6 T
13174 15 34.9 T
13175 18 36.0 T
13182 26 31.8 T
13184 26 32.8 T
13191 26 37.1 T
13193 26 37.9 T
13195 26 34.8 T
13196 26 37.0 T
13205 28 36.2 T
13207 27 33.0 T
13214 30 33.6 T
13215 30 36.3 T
13224 31 37.0 T
13229 33 35.9 T
13233 1 16.0 A
13238 40 37.1 T
13241 47 36.9 T
13246 47 34.2 T
13247 47 34.2 T
13249 48 34.4 T
13254 88 36.1 T
13255 92 36.9 T
13260 92 37.6 T
13265 94 37.4 T
13269 1 39.0 A
13271 91 35.5 T
13274 93 36.8 T
13277 98 36.1 T
13280 101 35.4 T
13281 101 35.7 T
13286 113 34.9 T
13292 117 36.4 T
13306 1 13.0 C
13307 141 37.0 T
13312 141 36.7 T
13313 142 36.9 T
13316 142 36.8 T
13322 116 37.4 T
13324 118 36.8 T
13326 121 37.1 T
13336 129 35.3 T
13337 129 36.4 T
13339 123 36.3 T
13340 124 36.9 T
13349 107 36.3 T
13352 116 37.2 T
13354 118 37.0 T
13355 116 36.3 T
13356 118 37.2 T
13358 124 37.4 T
13360 124 37.2 T
13363 126 35.8 T
13369 142 36.2 T
13373 142 36.3 T
13376 147 36.3 T
13385 147 36.8 T
13386 144 37.7 T
13392 152 37.7 T
13401 172 36.5 T
13403 169 36.5 T
13404 170 37.0 T
13412 177 37.2 T
13421 193 35.1 T
13424 189 33.9 T
13431 2 15.0 C
13433 177 33.0 T
13435 1 16.0 C
13436 1 27.0 C
13437 172 27.0 T
13439 176 32.0 T
13440 1 15.0 C
13441 1 16.0 A
13443 181 33.0 T
13444 182 34.7 T
13447 1 16.0 A
13450 178 35.1 T
13454 167 36.3 T
13456 1 16.0 A
13460 163 37.1 T
13461 161 36.9 T
13469 141 37.7 T
13474 146 37.2 T
13475 144 37.5 T
13481 1 30.0 G
13484 135 36.1 T
13488 124 36.4 T
13489 122 36.9 T
13490 122 37.3 T
13493 113 36.6 T
13500 119 35.4 T
13501 120 35.6 T
13502 118 36.9 T
13504 119 37.8 T
13507 112 35.6 T
13520 87 37.4 T
13523 86 37.5 T
13538 82 37.4 T
13540 83 34.6 T
13543 82 37.2 T
13555 89 36.6 T
13562 107 36.2 T
13564 108 35.8 T
13566 108 37.5 T
13568 103 36.8 T
13569 103 37.1 T
13572 95 35.4 T
13574 100 34.7 T
13577 100 35.5 T
13581 104 35.0 T
13585 100 34.6 T
13589 98 36.8 T
13600 87 35.3 T
13602 84 36.9 T
13608 84 35.5 T
13611 1 37.0 A
13613 89 36.1 T
13616 90 34.9 T
13617 91 35.9 T
13619 93 35.1 T
13620 93 35.8 T
13622 95 35.6 T
13628 98 36.7 T
13630 1 15.0 A
13635 98 35.5 T
13637 1 15.0 A
13638 1 16.0 A
13639 1 15.0 C
13641 99 36.2 T
13645 101 31.9 T
13646 101 33.3 T
13655 80 31.8 T
13656 80 32.9 T
13659 75 31.3 T
13660 1 15.0 A
13664 72 33.0 T
13665 72 35.8 T
13674 68 33.6 T
13685 64 31.2 T
13688 62 33.5 T
13689 2 15.0 A
13697 63 33.7 T
13698 63 36.1 T
13699 1 14.0 A
13706 61 33.3 T
13707 1 13.0 G
13711 1 16.0 G
13721 64 33.9 T
13723 63 32.3 T
13724 62 35.0 T
13732 65 29.2 T
13733 66 31.4 T
13734 65 32.9 T
13736 65 34.0 T
13739 64 34.6 T
13740 65 35.2 T
13743 66 33.5 T
13751 64 34.0 T
13752 66 32.8 T
13753 66 33.5 T
13761 2 13.5 A
13762 60 25.7 T
13763 1 15.0 C
13768 54 24.5 T
13769 56 28.2 T
13773 1 40.0 A
13781 48 28.3 T
13787 43 27.4 T
13789 43 26.7 T
13793 49 31.4 T
13799 45 32.3 T
13804 1 15.0 G
13808 50 32.2 T
13810 1 15.0 G
13812 51 32.0 T
13814 50 34.4 T
13818 47 32.7 T
13819 50 34.0 T
13820 49 34.0 T
13823 49 35.4 T
13824 2 15.0 A
13829 43 35.8 T
13830 43 35.9 T
13832 44 36.8 T
13841 40 36.5 T
13847 43 35.4 T
13852 43 36.5 T
13856 44 36.8 T
13857 1 15.0 A
13868 41 37.1 T
13869 42 36.9 T
13874 38 36.7 T
13879 43 35.5 T
13886 44 36.2 T
13888 50 35.2 T
13894 58 35.9 T
13895 58 36.1 T
13896 58 37.5 T
13897 57 36.5 T
13899 57 36.4 T
13900 55 38.0 T
13901 59 37.1 T
13903 63 34.4 T
13910 53 38.0 T
13913 53 37.6 T
13918 63 34.6 T
13919 63 35.7 T
13921 63 35.5 T
13926 67 36.5 T
13931 66 36.2 T
13946 77 35.8 T
13951 81 37.8 T
13953 89 37.2 T
13955 91 37.3 T
13961 94 36.3 T
13962 95 37.0 T
13964 95 37.1 T
13965 96 37.9 T
13976 1 15.0 A
13979 90 37.0 T
13980 1 16.0 G
13981 1 40.0 C
13985 91 35.3 T
13988 82 36.3 T
13991 80 37.3 T
13994 81 37.5 T
14000 80 36.4 T
14005 81 38.0 T
14009 83 37.9 T
14018 102 35.7 T
14020 106 34.8 T
14021 106 35.8 T
14025 119 35.9 T
14028 1 16.0 A
14033 120 36.3 T
14034 120 36.7 T
14035 120 37.6 T
14048 122 32.5 T
14050 116 33.9 T
14056 114 34.4 T
14060 112 36.1 T
14063 116 36.8 T
14068 119 36.2 T
14084 132 37.5 T
14087 137 36.8 T
14088 138 37.2 T
14093 145 35.9 T
14094 142 36.1 T
14095 139 37.2 T
14098 147 36.0 T
14099 146 36.4 T
14102 148 35.4 T
14104 149 36.4 T
14106 153 37.0 T
14107 152 37.7 T
14108 142 37.1 T
14110 141 37.0 T
14111 133 36.9 T
14113 135 37.2 T
14114 135 37.1 T
14120 126 36.8 T
14123 115 36.1 T
14126 120 37.7 T
14132 114 38.0 T
14135 111 36.0 T
14138 113 38.3 T
14141 116 35.8 T
14146 113 37.3 T
14151 115 37.8 T
14153 112 37.4 T
14154 114 36.8 T
14166 109 35.3 T
14168 110 35.6 T
14172 110 36.0 T
14173 108 36.1 T
14178 99 35.7 T
14180 101 35.8 T
14182 97 35.7 T
14188 1 16.0 A
14192 1 16.0 A
14196 2 16.0 A
14197 86 36.6 T
14199 85 36.1 T
14200 86 36.7 T
14208 101 37.9 T
14212 103 36.3 T
14215 103 36.2 T
14218 101 35.7 T
14221 98 36.0 T
14231 101 36.6 T
14234 104 35.6 T
14237 108 35.1 T
14241 1 16.0 A
14256 125 36.0 T
14261 132 33.3 T
14264 133 34.1 T
14269 1 27.0 A
14271 129 34.8 T
14273 1 16.0 A
14275 1 15.0 C
14277 1 40.0 C
14278 127 35.9 T
14279 1 16.0 G
14285 136 35.4 T
14287 136 34.5 T
14290 140 34.3 T
14291 141 35.7 T
14294 147 35.9 T
14296 1 16.0 A
14298 151 35.1 T
14299 156 35.8 T
14301 157 35.5 T
14302 153 36.2 T
14307 158 34.1 T
14308 161 34.8 T
14311 168 36.2 T
14316 176 35.8 T
14318 189 35.7 T
14319 197 36.3 T
14324 201 34.9 T
14325 216 34.7 T
14326 219 36.0 T
14338 1 34.0 C
14345 232 35.6 T
14348 243 36.3 T
14351 246 36.0 T
14353 245 35.5 T
14354 249 35.2 T
14355 254 35.5 T
14369 1 15.0 A
14370 1 15.0 A
14371 291 35.9 T
14374 310 37.0 T
14378 336 35.1 T
14382 337 37.2 T
14386 357 35.0 T
14395 360 34.8 T
14403 373 34.2 T
14404 1 31.0 C
14414 397 34.5 T
14422 419 35.9 T
14431 440 35.9 T
14435 450 35.2 T
14441 495 35.6 T
14444 487 35.0 T
14447 493 35.5 T
14451 536 36.2 T
14457 552 36.4 T
14461 583 36.0 T
14462 2 14.0 G
14463 581 37.3 T
14466 594 36.7 T
14468 593 36.7 T
14470 593 35.7 T
14471 1 16.0 C
14479 1 15.0 A
14484 583 36.3 T
14485 1 16.0 C
14487 603 35.0 T
14488 603 35.3 T
14492 1 16.0 C
14494 608 36.2 T
14495 1 15.0 A
14498 618 36.0 T
14502 647 35.8 T
14503 659 35.7 T
14510 1 16.0 A
14512 675 37.0 T
14514 685 35.6 T
14515 690 36.2 T
14523 711 36.7 T
14525 711 36.6 T
14529 1 16.0 C
14530 693 34.1 T
14540 648 36.1 T
14541 646 36.2 T
14547 621 37.0 T
14550 603 37.2 T
14553 3 38.0 C
14567 8 34.7 C
14568 1 15.0 C
14570 1 15.0 C
14571 509 34.1 T
14572 1 15.0 A
14577 488 35.9 T
14581 476 36.5 T
14584 465 36.9 T
14594 415 37.1 T
14598 386 36.2 T
14606 1 15.0 G
14607 2 39.5 G
14609 296 34.2 T
14610 283 36.8 T
14622 1 16.0 C
14634 142 36.6 T
14635 139 37.3 T
14638 136 36.1 T
14649 102 35.8 T
14666 59 36.6 T
14670 46 37.3 T
14673 39 37.6 T
14674 38 38.8 T
14676 41 38.3 T
14677 41 38.4 T
14679 39 37.1 T
14689 28 36.1 T
14704 17 36.3 T
14707 17 35.0 T
14709 16 36.9 T
14719 10 36.8 T
14722 8 36.4 T
14723 8 37.4 T
14725 7 38.1 T
14727 7 38.3 T
14728 7 39.3 T
14729 7 38.0 T
14734 1 38.0 T
14748 43 37.3 T
14757 43 38.6 T
14766 42 37.1 C
14767 43 36.9 T
14775 43 37.2 T
14778 43 35.0 T
14783 43 35.3 T
14784 43 36.5 T
14787 43 36.8 T
14788 43 36.4 T
14795 43 36.9 T
14798 43 38.1 T
14799 43 38.1 T
14802 43 36.7 T
14808 43 36.2 T
14819 3 39.3 T
14826 3 39.3 T
14828 3 40.0 T
14834 3 37.3 T
14868 1 39.0 T
14871 1 40.0 T
14874 1 40.0 T
14880 4 36.2 T
14892 8 36.0 T
14894 8 37.0 T
14895 8 35.9 T
14898 8 38.2 T
14904 8 38.2 T
14909 8 37.2 T
14912 8 36.9 T
14924 10 33.6 T
14933 14 33.9 T
14934 14 34.9 T
14935 14 34.6 T
14936 14 34.6 T
14939 16 35.0 T
14943 17 35.3 T
14952 19 37.2 T
14956 19 36.4 T
14964 22 36.0 T
14968 24 35.2 T
14969 24 35.8 T
14971 24 37.2 T
14975 21 34.9 T
14979 23 35.6 T
14982 26 35.9 T
14987 27 31.8 T
14991 28 35.0 T
14992 28 37.2 T
15001 39 35.5 T
15008 55 34.9 T
15012 57 36.6 T
15013 1 13.0 A
15014 59 36.3 T
15015 59 37.3 T
15017 58 37.1 T
15018 59 38.0 T
15019 61 38.2 T
15021 61 37.3 T
15023 62 36.5 T
15027 69 36.3 T
15029 69 36.5 T
15030 66 37.7 T
15033 66 37.6 T
15039 70 37.4 T
15051 80 36.1 T
15053 84 37.1 T
15055 86 36.6 T
15056 87 37.5 T
15062 99 35.7 T
15065 100 37.3 T
15066 100 36.0 T
15067 101 37.3 T
15069 103 35.0 T
15071 105 37.0 T
15074 116 36.2 T
15083 124 37.6 T
15090 133 36.8 T
15093 1 13.0 G
15096 127 37.3 T
15097 128 37.6 T
15099 125 37.2 T
15102 117 36.9 T
15105 115 37.5 T
15108 116 36.9 T
15109 117 37.5 T
15115 127 35.9 T
15117 125 37.4 T
15120 1 40.0 C
15128 130 36.7 T
15129 129 37.2 T
15132 132 37.3 T
15137 131 36.5 T
15139 132 37.6 T
15141 126 37.9 T
15144 119 36.2 T
15149 123 37.5 T
15150 1 16.0 G
15159 123 36.3 T
15161 122 35.6 T
15163 1 15.0 A
15164 119 36.5 T
15165 118 37.0 T
15167 118 37.4 T
15180 122 37.2 T
15183 123 35.2 T
15184 119 35.6 T
15191 115 35.5 T
15192 117 37.4 T
15195 129 36.9 T
15197 130 36.2 T
15204 137 35.8 T
15209 140 35.1 T
15213 146 37.1 T
15214 148 36.2 T
15225 153 36.9 T
15227 2 15.5 G
15228 163 37.0 T
15229 165 37.1 T
15233 169 37.2 T
15237 187 36.8 T
15239 190 37.3 T
15242 1 16.0 G
15245 1 34.0 G
15248 202 35.8 T
15251 216 36.2 T
15255 215 37.7 T
15256 1 13.0 A
15262 236 35.2 T
15264 38 33.5 C
15268 1 13.0 C
15270 227 35.8 T
15272 1 16.0 A
15278 237 33.1 T
15279 243 35.2 T
15281 243 34.8 T
15282 244 35.4 T
15283 230 35.6 T
15287 243 35.6 T
15288 246 35.7 T
15289 247 35.8 T
15293 234 35.9 T
15294 240 36.6 T
15296 1 16.0 A
15297 251 36.2 T
15299 264 35.9 T
15300 258 36.7 T
15302 1 39.0 C
15305 256 36.6 T
15306 253 37.2 T
15309 247 36.7 T
15310 245 37.1 T
15312 261 37.0 T
15313 261 37.6 T
15321 263 37.1 T
15330 255 35.8 T
15336 248 35.1 T
15339 268 37.3 T
15341 274 36.3 T
15342 277 36.5 T
15344 277 36.6 T
15345 276 36.8 T
15346 2 14.5 G
15349 1 16.0 C
15359 316 33.9 T
15372 355 36.5 T
15378 372 34.9 T
15383 427 35.0 T
15388 461 36.4 T
15389 467 36.8 T
15394 497 35.2 T
15398 1 16.0 A
15399 501 35.4 T
15404 526 35.2 T
15405 540 35.3 T
15409 1 16.0 C
15412 567 35.4 T
15413 584 35.4 T
15416 594 36.1 T
15423 627 36.3 T
15426 1 16.0 A
15428 1 30.0 G
15429 1 40.0 A
15432 1 40.0 C
15435 772 35.2 T
15440 846 33.8 T
15441 858 34.4 T
15444 873 35.1 T
15445 878 35.9 T
15447 902 33.9 T
15449 912 34.8 T
15450 930 35.7 T
15452 1 16.0 C
15453 925 36.0 T
15454 933 36.0 T
15456 950 35.4 T
15458 983 35.9 T
15461 1031 37.2 T
15462 1065 37.5 T
15465 1133 36.3 T
15468 1 16.0 C
15469 1 16.0 A
15470 1218 35.7 T
15471 1230 36.1 T
15474 1 27.0 C
15475 1 16.0 A
15477 1291 36.6 T
15479 1312 36.8 T
15480 1327 36.7 T
15482 1365 36.1 T
15486 1 16.0 C
15487 5 38.6 A
15488 1 14.0 G
15489 2 21.5 A
15492 1570 36.4 T
15495 1649 37.1 T
15496 1 39.0 A
15497 1 15.0 G
15499 3 40.0 C
15500 1 27.0 G
15501 2 13.0 A
15502 4 33.7 C
15508 1 16.0 C
15509 1 16.0 A
15510 1 34.0 A
15511 2021 35.7 T
15512 2059 36.5 T
15514 2119 36.5 T
15517 1 16.0 C
15519 2218 37.0 T
15521 1 16.0 G
15524 1 16.0 A
15525 1 16.0 A
15526 2 37.0 C
15530 2436 35.4 T
15531 2437 36.5 T
15532 1 16.0 A
15535 1 14.0 C
15536 2 14.5 A
15537 1 39.0 C
15538 2 16.0 C
15539 3 21.7 C
15540 2 21.5 C
15541 2567 34.7 T
15542 2 27.5 C
15543 2 16.0 C
15545 2 15.5 C
15547 1 16.0 C
15549 2810 36.4 T
15551 2 16.0 A
15553 1 16.0 G
15554 1 39.0 C
15555 3 15.3 C
15557 1 30.0 G
15559 1 13.0 A
15560 3320 36.7 T
15561 1 16.0 G
15562 1 39.0 A
15563 3404 36.7 T
15564 1 15.0 A
15565 3424 36.5 T
15566 3455 36.8 T
15567 3463 37.0 T
15570 3533 37.3 T
15572 3608 37.2 T
15573 3639 37.8 T
15574 3 24.0 C
15578 3840 35.9 T
15579 2 33.5 A
15580 1 15.0 C
15583 1 16.0 A
15584 1 15.0 A
15585 3983 35.9 T
15586 4012 36.9 T
15587 2 27.5 C
15588 4033 36.0 T
15590 1 16.0 C
15591 1 27.0 G
15593 4266 36.0 T
15594 2 14.0 C
15595 2 16.0 C
15597 4380 36.8 T
15600 1 27.0 C
15601 4416 36.1 T
15602 1 13.0 A
15604 1 16.0 C
15606 2 16.0 A
15609 4582 37.4 T
15611 1 16.0 G
15612 3 24.0 G
15613 3 15.7 A
15614 3 21.0 G
15615 1 16.0 G
15616 11 36.5 C
15617 1 16.0 G
15618 4765 36.3 T
15619 4 23.7 C
15620 3 23.0 C
15621 4901 37.3 T
15622 4921 37.7 T
15623 4 20.0 G
15624 4 36.0 C
15625 3 22.7 C
15627 5096 37.6 T
15628 5 14.6 A
15629 5120 36.2 T
15630 5155 36.8 T
15631 1 14.0 A
15632 1 27.0 C
15633 5208 36.5 T
15634 1 15.0 A
15635 5211 35.6 T
15637 2 16.0 C
15638 1 16.0 A
15639 5258 35.9 T
15640 2 27.0 C
15641 1 16.0 C
15642 5311 35.6 T
15643 1 16.0 C
15645 5362 36.5 T
15647 1 39.0 C
15648 5346 37.5 T
15649 1 39.0 A
15650 3 15.0 G
15651 1 40.0 C
15652 2 15.0 A
15653 3 23.3 A
15654 5254 37.1 T
15655 1 16.0 A
15656 2 16.0 A
15657 5156 36.9 T
15658 1 16.0 C
15659 1 16.0 C
15660 1 36.0 C
15662 2 26.5 A
15663 5087 37.0 T
15666 5068 35.8 T
15667 1 16.0 C
15668 6 30.7 C
15669 1 36.0 A
15670 5067 37.0 T
15671 3 22.0 A
15672 5058 36.3 T
15673 1 16.0 A
15674 5019 36.1 T
15676 4 21.0 C
15677 2 16.0 A
15681 2 23.0 A
15682 1 15.0 A
15684 2 15.0 A
15685 1 16.0 A
15686 2 27.0 A
15689 2 26.5 A
15690 4684 37.4 T
15692 1 16.0 A
15693 4590 37.0 T
15694 1 15.0 A
15695 4526 37.2 T
15696 4492 37.3 T
15697 4501 37.6 T
15698 1 15.0 C
15699 1 16.0 G
15700 1 13.0 C
15703 1 40.0 A
15705 4452 37.4 T
15706 1 24.0 A
15707 3 14.3 A
15708 1 13.0 G
15709 1 16.0 C
15710 2 28.0 C
15711 4 33.2 A
15712 1 13.0 A
15713 4264 36.1 T
15715 1 16.0 A
15717 4011 36.7 T
15718 3941 36.8 T
15719 3897 37.6 T
15721 3806 37.6 T
15722 3769 37.6 T
15723 6 14.5 G
15726 3567 36.1 T
15728 1 16.0 C
15729 3465 37.1 T
15730 1 14.0 A
15731 1 16.0 G
15732 4 26.5 C
15733 2 22.5 C
15735 1 14.0 C
15739 1 15.0 C
15740 1 16.0 C
15741 3060 36.0 T
15743 1 14.0 C
15744 2893 36.1 T
15746 1 37.0 A
15747 2772 36.4 T
15748 2759 36.9 T
15750 2633 36.0 T
15754 1 40.0 C
15755 2470 37.3 T
15756 1 15.0 G
15757 2 21.5 A
15759 2350 36.8 T
15764 4 13.2 G
15765 1 15.0 G
15766 1 16.0 A
15767 1 14.0 C
15769 3 23.7 A
15773 1 16.0 G
15774 1802 38.0 T
15775 1 14.0 A
15777 1 36.0 G
15779 1637 36.3 T
15784 1467 37.1 T
15785 1448 36.8 T
15786 1422 37.0 T
15787 1384 37.6 T
15792 1253 37.0 T
15793 1 39.0 C
15794 1 16.0 A
15795 1164 37.3 T
15796 1118 37.4 T
15797 1 15.0 G
15800 1 16.0 C
15804 821 37.9 T
15809 710 36.8 T
15811 1 14.0 C
15813 648 37.0 T
15816 613 36.9 T
15818 592 36.3 T
15820 1 15.0 C
15821 550 36.0 T
15822 539 36.7 T
15827 1 27.0 A
15831 396 35.2 T
15834 353 37.1 T
15837 321 36.3 T
15840 300 37.1 T
15843 288 36.6 T
15850 241 37.2 T
15851 1 16.0 A
15852 237 36.4 T
15854 220 35.9 T
15858 198 36.4 T
15861 172 36.7 T
15862 166 37.2 T
15873 121 34.2 T
15876 95 35.1 T
15881 76 36.0 T
15887 66 36.4 T
15889 45 37.9 T
15892 44 38.5 T
15893 44 37.8 T
15895 43 38.0 T
15898 42 38.1 T
15900 40 37.4 T
15905 35 38.5 T
15908 34 38.1 T
15916 32 38.5 T
15918 30 37.0 T
15919 28 38.4 T
15921 28 39.0 T
15932 29 37.4 T
15940 23 38.8 T
15941 23 39.4 T
15942 23 39.0 T
15943 23 38.9 T
15944 23 38.2 T
15956 18 39.0 T
15968 16 38.3 T
15970 16 37.4 T
15971 16 38.4 T
15972 16 38.6 T
15976 15 34.5 T
15983 9 36.3 T
15984 6 39.5 T
15997 4 39.5 T
16002 4 35.7 T
16003 4 38.7 T
16005 4 39.7 T
16008 4 39.0 T
16009 4 39.2 T
16010 4 37.2 T
16015 3 38.3 T
16017 3 37.7 T
16018 3 37.3 T
16020 3 39.3 T
16022 3 38.7 T
16024 3 36.3 T
16025 3 38.3 T
16027 2 36.0 T
16028 2 35.0 T
16029 1 38.0 T
16032 1 39.0 T
16044 1 40.0 T
16045 1 40.0 T
16046 1 40.0 T
16050 1 39.0 T
16330 2 32.5 T
16334 2 33.5 T
16341 2 39.0 T
16342 2 39.5 T
16347 2 39.5 T
16352 4 37.0 T
16356 6 35.8 T
16357 6 36.3 T
16359 6 34.8 T
16368 8 33.4 T
16372 22 39.2 T
16381 22 36.5 T
16386 25 38.3 T
16392 25 35.3 T
16396 25 38.0 T
16397 25 38.1 T
16406 27 36.5 T
16409 27 36.2 T
16413 28 38.2 T
16418 28 34.6 T
16422 32 35.7 T
16424 31 35.1 T
16437 22 37.7 T
16439 1 27.0 C
16440 22 34.8 T
16443 23 33.8 T
16445 24 33.4 T
16448 23 34.2 T
16452 22 35.9 T
16462 21 37.2 T
16468 27 34.3 T
16469 27 36.0 T
16475 29 36.6 T
16479 30 36.7 T
16484 30 37.2 T
16489 31 36.8 T
16491 31 37.3 T
16493 31 36.0 T
16500 34 35.8 T
16502 41 36.5 T
16505 40 36.3 T
16506 40 36.7 T
16509 39 37.4 T
16512 39 36.7 T
16513 39 36.3 T
16522 33 37.6 T
16529 31 36.9 T
16533 29 37.1 T
16544 27 37.6 T
16545 27 37.0 T
16550 26 36.5 T
16551 26 38.2 T
16555 26 36.6 T
16562 23 36.9 T
16568 16 38.1 T
