1 7 36.6 G
8 16 36.6 G
9 16 36.2 G
30 1 14.0 T
34 31 36.4 G
35 32 38.1 G
36 34 37.9 G
38 36 36.5 G
47 38 37.0 G
53 38 36.7 G
54 38 37.8 G
62 44 36.3 G
66 49 36.0 G
67 49 36.4 G
68 50 36.5 G
69 50 36.3 G
70 50 35.7 G
71 50 36.2 G
73 50 36.0 A
75 53 37.1 G
79 57 37.0 G
81 58 36.8 G
85 57 37.0 G
90 62 35.0 G
92 65 35.2 G
94 64 35.0 G
97 60 35.6 G
100 59 36.1 G
101 59 35.4 G
103 54 34.7 G
106 54 34.4 G
107 54 36.9 G
109 53 33.9 G
118 51 34.2 G
121 49 35.4 G
124 54 35.4 G
130 56 35.0 G
136 51 34.7 G
143 50 35.7 G
163 55 34.1 G
171 63 35.9 G
181 1 30.0 A
184 65 34.0 G
185 65 35.3 G
187 64 34.1 G
203 66 32.4 G
205 75 34.4 G
207 81 33.9 G
221 85 34.1 G
225 85 36.3 G
228 87 35.2 G
229 87 36.2 G
247 87 32.9 G
251 89 36.9 G
255 89 35.8 G
260 88 35.5 G
263 73 35.5 A
275 71 34.6 G
316 22 33.4 G
322 38 32.1 G
323 40 33.8 G
329 50 34.5 G
347 106 36.3 G
366 112 35.9 G
376 1 15.0 A
380 117 35.3 G
389 129 36.1 G
402 1 16.0 A
409 87 34.9 G
410 90 32.7 G
412 86 35.1 G
413 83 35.6 G
417 75 35.5 G
429 56 36.3 G
434 1 15.0 C
499 11 21.7 G
513 8 25.5 G
526 7 22.4 G
529 6 16.8 G
545 3 22.7 G
652 109 37.2 G
653 109 37.2 G
657 109 37.1 G
658 109 36.3 G
664 109 36.7 G
676 109 36.2 G
680 1 14.0 T
683 109 37.1 G
687 109 36.3 G
693 1 16.0 A
697 109 35.4 G
701 109 36.1 G
709 109 35.8 G
715 109 36.3 G
740 1 35.0 G
748 1 31.0 G
749 1 36.0 G
750 1 39.0 A
755 2 39.5 G
762 2 39.0 G
766 3 38.0 G
769 8 34.7 G
774 8 34.6 G
777 8 38.2 G
786 12 34.3 G
791 18 35.3 G
796 20 35.3 G
809 25 34.8 G
810 26 35.7 G
811 27 37.6 G
817 30 36.2 G
820 32 37.7 G
822 32 37.5 G
825 32 37.4 T
834 41 37.3 G
843 71 38.5 G
847 70 37.5 G
857 83 37.2 G
872 93 36.8 G
873 93 36.5 G
874 93 36.6 G
877 95 36.1 G
878 95 36.6 G
882 1 37.0 A
887 102 38.4 G
889 103 36.6 G
893 105 37.0 G
899 105 36.8 G
901 111 36.7 G
902 111 36.5 G
909 114 37.1 G
911 1 14.0 T
918 2 22.0 A
920 106 37.1 G
923 1 15.0 A
927 105 35.8 G
930 108 36.2 G
933 115 36.6 G
934 116 36.3 G
936 117 36.8 G
941 121 36.0 G
943 132 36.6 G
945 138 37.6 G
951 137 37.0 G
953 1 16.0 T
972 152 37.4 G
986 159 37.4 G
988 162 37.4 G
991 167 37.3 G
994 2 16.0 A
995 1 37.0 A
1004 214 37.9 G
1007 224 36.4 G
1018 218 37.0 G
1024 218 38.2 G
1028 215 36.1 G
1030 202 35.9 G
1031 203 37.0 G
1038 1 16.0 C
1045 177 36.7 G
1057 160 36.6 G
1060 1 27.0 A
1062 155 35.9 G
1063 1 14.0 A
1068 1 15.0 A
1072 94 36.0 G
1073 94 36.9 G
1074 90 37.0 G
1079 87 36.4 G
1092 63 34.8 G
1097 61 36.0 G
1113 44 37.8 G
1130 37 34.7 G
1134 35 32.0 G
1138 33 33.7 G
1147 30 36.1 G
1149 30 34.2 G
1155 24 36.9 G
1169 18 37.9 G
1170 18 38.4 G
1175 20 36.0 G
1176 20 36.5 G
1178 23 34.9 G
1179 23 36.5 G
1181 23 35.7 G
1197 37 35.7 G
1199 36 36.3 G
1200 32 36.1 G
1202 44 37.3 G
1206 51 37.5 G
1211 76 36.3 G
1217 83 37.8 G
1227 100 37.4 G
1228 1 14.0 A
1247 145 36.9 G
1249 1 14.0 T
1252 165 37.1 G
1263 186 37.0 G
1273 198 37.3 G
1275 1 13.0 A
1278 1 27.0 C
1282 209 36.7 G
1285 227 36.8 G
1288 227 35.1 G
1289 224 36.1 G
1294 1 15.0 A
1297 224 37.0 G
1301 231 36.5 G
1303 233 36.7 G
1307 231 36.8 G
1313 1 15.0 A
1315 229 37.1 G
1320 255 37.0 G
1323 263 37.7 G
1326 1 27.0 A
1327 263 37.4 G
1328 262 37.7 G
1333 267 37.5 G
1334 267 37.1 G
1336 271 37.3 G
1339 268 37.6 G
1345 258 37.7 G
1347 250 37.6 G
1348 247 37.6 G
1350 250 37.2 G
1351 252 37.3 G
1355 260 37.5 G
1360 264 37.2 G
1361 265 37.3 G
1362 269 37.4 G
1380 264 37.4 G
1381 1 14.0 A
1389 232 38.3 G
1393 232 36.9 G
1400 1 16.0 T
1401 215 37.4 G
1410 194 36.5 G
1411 194 37.3 G
1412 194 37.3 G
1415 179 37.5 G
1418 169 37.2 G
1419 168 37.2 G
1421 158 37.2 G
1422 157 37.4 G
1428 148 37.0 G
1431 148 38.0 G
1438 126 37.8 A
1440 133 36.5 G
1442 134 37.6 G
1445 129 37.4 G
1447 129 36.9 G
1449 123 37.7 G
1454 100 36.5 G
1457 93 36.1 G
1461 2 34.5 A
1462 83 36.8 G
1463 83 36.3 G
1464 79 37.7 G
1469 74 37.2 G
1472 69 37.1 G
1474 66 36.7 G
1476 64 37.5 G
1485 54 36.1 G
1489 43 36.6 G
1491 1 15.0 C
1503 32 36.3 G
1509 1 39.0 T
1515 33 34.0 G
1516 33 33.8 G
1534 1 14.0 C
1538 16 35.4 G
1549 13 33.7 G
1551 12 37.1 G
1552 12 32.1 G
1554 12 34.2 G
1559 8 38.6 G
1562 8 38.0 G
1569 7 38.7 G
1570 7 35.6 G
1574 7 36.1 G
1576 7 35.9 G
1581 5 36.4 G
1582 5 36.6 G
1586 5 33.8 G
1588 5 37.0 G
1594 5 35.8 G
1595 5 38.8 G
1598 5 37.0 G
1604 2 38.5 G
1606 2 39.0 G
1608 2 37.0 G
1611 2 38.0 G
1623 2 39.0 G
1641 2 38.5 G
1642 2 39.5 G
1644 2 38.5 G
1660 2 25.5 G
1664 2 37.0 G
1669 2 22.5 G
1671 88 37.6 G
1681 88 37.9 G
1709 114 37.1 G
1719 1 15.0 G
1742 26 37.0 G
1747 26 38.6 G
1748 26 37.7 G
1750 26 39.1 G
1754 26 37.5 G
1760 26 36.9 G
1767 27 37.4 G
1768 27 36.6 G
1770 27 35.0 G
1776 33 34.2 G
1782 13 37.2 G
1787 13 34.6 G
1789 1 14.0 A
1791 13 35.2 G
1792 14 37.4 G
1793 16 37.4 G
1797 17 37.1 G
1800 17 35.8 G
1816 21 36.6 G
1826 44 36.5 G
1830 56 37.4 G
1831 58 36.8 G
1851 76 37.4 G
1858 97 37.3 G
1868 112 37.4 G
1871 1 15.0 A
1879 123 36.9 G
1883 127 36.9 G
1884 129 36.9 G
1886 119 36.9 G
1888 117 36.9 G
1894 139 36.2 G
1899 152 36.3 G
1906 161 37.0 G
1912 1 40.0 A
1913 169 36.9 G
1916 168 36.2 G
1918 170 36.7 G
1927 190 36.3 G
1932 196 37.1 G
1939 222 36.3 G
1941 222 36.2 G
1945 1 14.0 A
1949 271 36.3 G
1955 303 36.9 G
1958 312 37.0 G
1961 1 16.0 A
1962 1 16.0 A
1966 339 37.3 G
1968 339 36.6 G
1969 339 36.5 G
1970 346 37.2 G
1973 355 37.1 G
1981 393 36.8 G
1982 396 37.0 G
1985 413 37.0 G
1987 427 37.0 G
1988 427 37.4 G
1990 412 37.3 G
1996 1 16.0 C
2002 433 37.0 G
2003 1 13.0 A
2004 430 36.2 G
2008 440 37.0 G
2009 445 37.1 G
2011 461 36.2 G
2012 1 15.0 A
2015 474 36.3 G
2018 484 34.7 G
2019 484 35.9 G
2022 477 36.7 G
2028 492 36.5 G
2032 550 37.1 G
2040 566 37.1 G
2043 1 27.0 C
2052 1 16.0 A
2056 556 36.7 G
2063 572 36.5 G
2071 1 14.0 T
2079 1 14.0 C
2082 610 37.3 G
2084 1 16.0 A
2085 2 21.5 A
2086 1 16.0 A
2088 1 15.0 T
2089 1 16.0 T
2090 1 16.0 A
2094 663 37.0 G
2098 660 36.5 G
2105 680 36.8 G
2107 686 36.8 G
2108 687 36.8 G
2112 1 27.0 A
2113 686 37.7 G
2117 1 27.0 T
2120 721 36.7 G
2121 736 36.5 G
2128 727 37.3 G
2129 731 37.3 G
2130 1 16.0 A
2132 1 16.0 A
2134 1 16.0 A
2135 1 14.0 A
2139 1 16.0 T
2140 758 36.9 G
2143 751 37.1 G
2145 772 36.7 G
2146 1 15.0 A
2147 770 36.9 G
2148 1 34.0 A
2149 763 37.3 G
2150 1 14.0 T
2153 1 16.0 A
2165 1 14.0 C
2167 1 39.0 A
2170 741 37.1 G
2173 733 36.6 G
2174 727 36.7 G
2181 1 27.0 A
2182 698 36.8 G
2185 701 37.3 G
2189 1 16.0 C
2192 2 16.0 A
2193 1 16.0 T
2197 657 36.8 G
2201 631 36.8 G
2203 626 37.6 G
2205 1 15.0 T
2207 1 15.0 A
2209 634 36.4 G
2230 1 16.0 A
2232 1 16.0 A
2239 1 27.0 A
2241 12 38.7 A
2249 521 36.6 G
2258 1 27.0 A
2268 443 36.2 G
2269 435 36.6 G
2270 1 16.0 A
2289 417 37.1 G
2291 1 40.0 A
2292 402 36.4 G
2300 408 37.0 G
2301 1 16.0 T
2304 385 37.5 G
2310 392 36.8 G
2317 368 37.2 G
2320 1 16.0 A
2329 1 15.0 C
2333 361 36.7 G
2339 359 36.4 G
2343 352 35.5 G
2345 338 35.8 G
2349 321 37.2 G
2361 321 36.1 G
2366 314 37.4 G
2374 1 36.0 A
2377 306 36.7 G
2390 1 16.0 A
2401 1 14.0 A
2403 200 36.0 G
2421 161 35.6 G
2435 128 35.1 G
2436 125 36.0 G
2440 120 34.8 G
2448 108 35.5 G
2449 105 37.0 G
2452 1 16.0 A
2453 96 36.7 G
2454 95 36.9 G
2464 87 37.3 G
2470 80 37.0 G
2471 78 37.1 G
2477 84 37.2 G
2478 83 37.0 G
2492 83 35.8 G
2496 79 37.8 G
2519 50 37.4 G
2528 48 37.1 G
2534 54 34.6 G
2536 53 33.7 G
2537 53 34.3 G
2542 53 35.7 G
2546 46 36.5 G
2551 47 36.5 G
2553 47 36.9 G
2560 50 36.4 G
2567 48 36.3 G
2568 52 36.7 G
2571 60 35.9 G
2573 63 35.5 G
2574 67 35.9 G
2585 80 37.6 G
2587 79 36.5 G
2592 98 36.2 G
2593 100 36.3 G
2596 100 37.0 G
2598 1 14.0 A
2608 126 37.2 G
2617 41 37.7 A
2620 150 36.0 G
2621 152 36.6 G
2622 152 36.9 G
2627 163 36.6 G
2631 172 37.3 G
2635 184 36.6 G
2636 184 36.7 G
2643 202 36.4 G
2645 197 35.9 G
2646 195 36.2 G
2647 195 36.0 G
2652 211 36.5 G
2655 222 37.0 G
2669 1 16.0 A
2673 239 36.9 G
2675 239 36.8 G
2677 1 16.0 A
2681 245 35.2 G
2686 257 35.6 G
2690 262 36.7 G
2692 273 35.2 G
2695 268 36.3 G
2697 271 36.1 G
2698 264 36.6 G
2700 264 36.5 G
2701 268 35.9 G
2702 268 34.9 G
2706 221 33.2 A
2712 262 34.2 G
2716 253 33.5 G
2719 277 35.3 G
2720 1 15.0 A
2721 277 34.2 G
2722 1 13.0 A
2724 282 34.2 G
2725 2 15.5 A
2726 2 15.5 C
2729 1 13.0 T
2731 1 16.0 T
2732 314 35.2 G
2733 318 36.2 G
2734 1 16.0 A
2735 317 35.2 G
2751 343 34.9 G
2752 1 16.0 C
2753 2 34.5 A
2757 4 37.7 A
2758 350 36.1 G
2759 1 15.0 T
2760 1 31.0 A
2762 1 15.0 C
2764 1 15.0 A
2768 1 16.0 A
2770 1 13.0 C
2776 421 35.6 G
2777 423 35.7 G
2787 1 16.0 A
2790 1 27.0 A
2792 1 27.0 A
2796 459 36.5 G
2799 1 16.0 T
2802 1 16.0 A
2806 1 15.0 T
2807 1 16.0 T
2810 486 35.0 G
2811 494 35.1 G
2813 1 28.0 T
2814 513 35.7 G
2815 511 35.4 G
2816 513 35.1 G
2817 511 35.6 G
2819 548 35.3 G
2820 1 14.0 A
2824 1 16.0 C
2825 593 36.7 G
2826 611 36.8 G
2828 614 35.8 G
2831 625 37.0 G
2832 1 16.0 A
2833 1 16.0 A
2837 1 14.0 A
2838 1 16.0 A
2840 1 15.0 C
2841 1 14.0 T
2842 1 16.0 C
2844 631 36.9 G
2846 644 36.1 G
2848 1 39.0 A
2849 661 36.8 G
2853 1 14.0 A
2855 657 35.9 G
2860 674 36.0 G
2863 1 27.0 T
2864 1 16.0 T
2865 1 36.0 C
2868 1 27.0 C
2870 692 37.2 G
2876 713 36.4 G
2878 741 36.7 G
2879 1 14.0 A
2880 1 14.0 A
2893 1 16.0 A
2894 1 16.0 T
2896 807 36.5 G
2900 1 16.0 C
2901 2 21.5 A
2902 1 16.0 A
2905 2 15.5 A
2909 933 35.6 G
2912 1 40.0 C
2914 1 16.0 A
2916 999 36.6 G
2917 972 36.4 G
2923 973 37.0 G
2925 1 31.0 T
2926 1 16.0 A
2927 1 15.0 C
2932 1022 36.9 G
2933 1036 37.0 G
2934 1050 37.2 G
2935 3 22.7 A
2937 1 14.0 A
2941 1103 37.0 G
2942 2 16.0 C
2943 1107 36.2 G
2945 1 14.0 A
2946 2 23.5 A
2957 1212 35.4 G
2959 1233 36.4 G
2966 2 14.5 T
2968 2 21.5 A
2971 1 15.0 A
2974 1 39.0 A
2975 1290 36.4 G
2976 1266 36.5 G
2977 1277 36.6 G
2982 1 16.0 C
2983 1296 37.2 G
2985 2 15.0 C
2989 1339 36.9 G
2992 1332 36.9 G
2995 1286 36.2 G
2996 1292 36.4 G
2997 1 14.0 A
2999 1 16.0 C
3000 1 14.0 A
3001 1246 36.7 G
3002 1229 36.6 G
3005 1 14.0 A
3008 1 15.0 C
3010 1181 36.8 G
3013 1170 35.7 G
3014 1155 36.4 G
3016 1154 35.7 G
3018 7 31.7 A
3019 1150 36.6 G
3022 1153 36.5 G
3029 1 39.0 A
3030 1 13.0 A
3031 1097 36.7 G
3032 1089 36.6 G
3034 1 16.0 T
3036 1043 37.6 G
3037 1 13.0 T
3040 1020 37.3 G
3047 962 37.3 G
3049 2 13.0 T
3052 1 31.0 A
3054 873 36.7 G
3061 815 37.7 G
3063 793 35.8 G
3066 1 16.0 C
3068 759 36.4 G
3070 744 36.5 G
3071 1 16.0 T
3072 1 16.0 T
3073 1 16.0 C
3075 703 36.6 G
3079 665 36.9 G
3080 662 36.6 G
3082 621 35.9 G
3090 529 36.9 G
3091 523 37.0 G
3094 510 36.8 G
3095 507 37.1 G
3114 1 27.0 T
3123 263 36.9 G
3127 239 37.4 G
3129 2 15.0 A
3131 225 35.4 G
3132 223 36.1 G
3137 200 36.9 G
3139 192 36.2 G
3146 163 35.4 G
3147 130 35.5 G
3161 110 35.2 G
3163 105 36.2 G
3173 89 36.7 G
3179 78 37.1 G
3188 1 15.0 T
3196 50 37.4 G
3219 30 35.6 G
3224 29 37.1 G
3225 25 37.5 G
3226 22 36.5 G
3230 14 38.1 G
3235 8 37.0 G
3238 8 36.0 G
3239 7 38.0 G
3242 6 37.7 G
3244 6 37.2 G
3248 4 36.7 G
3249 4 38.2 G
3255 5 32.8 G
3277 2 37.0 G
3281 2 33.5 G
3283 2 31.5 G
3284 2 30.5 G
3315 19 35.9 G
3316 19 35.3 G
3337 19 35.7 G
3352 17 39.0 G
3357 17 35.8 G
3358 17 35.2 G
3369 17 37.2 G
3412 2 40.0 G
3413 2 39.0 G
3421 2 40.0 G
3424 2 39.0 G
3427 2 37.0 G
3428 2 39.0 G
3436 2 37.0 G
3437 2 33.5 G
3438 2 33.0 G
3454 2 40.0 G
3457 2 39.0 G
3460 2 39.0 G
3526 1 15.0 G
3531 1 14.0 G
3538 1 31.0 G
3550 1 15.0 G
3563 1 27.0 G
3591 5 32.4 G
3592 5 34.4 G
3607 4 30.5 G
3608 4 30.2 G
3625 16 34.6 G
3635 27 35.1 G
3640 29 36.9 G
3643 33 37.2 G
3659 40 38.1 G
3664 43 36.8 G
3665 43 35.8 G
3666 43 36.7 G
3668 46 36.3 G
3670 43 36.6 G
3688 58 35.0 G
3690 1 14.0 C
3693 64 35.2 G
3697 78 35.5 G
3698 77 34.3 G
3700 83 36.0 G
3705 89 35.0 G
3707 90 36.3 G
3709 93 35.6 G
3712 101 36.4 G
3715 100 35.5 G
3733 108 36.5 G
3736 113 35.9 G
3743 1 14.0 T
3745 128 35.8 G
3749 1 16.0 T
3752 1 16.0 T
3755 1 15.0 T
3776 266 35.8 G
3778 288 35.9 G
3779 293 35.8 G
3791 1 14.0 T
3812 1 15.0 A
3813 1 16.0 A
3814 589 36.0 G
3824 694 36.7 G
3830 1 27.0 T
3832 1 15.0 C
3834 875 35.5 G
3840 1 27.0 A
3841 1 16.0 T
3842 972 35.0 G
3843 1 16.0 A
3846 1 13.0 C
3849 1068 35.2 G
3850 1135 35.8 G
3855 2 38.0 A
3856 1 30.0 A
3858 1 27.0 A
3860 1267 36.9 G
3869 1 16.0 C
3871 1 14.0 A
3876 1 16.0 A
3877 1458 35.6 G
3879 1 14.0 A
3880 1497 36.0 G
3882 1541 35.9 G
3885 1 36.0 C
3886 1 14.0 A
3888 1 16.0 C
3889 1 15.0 C
3890 1758 35.5 G
3896 1 40.0 C
3901 1933 36.1 G
3907 2076 35.4 G
3910 2188 36.3 G
3913 2250 34.2 G
3914 2244 33.2 G
3915 2257 34.5 G
3916 2281 35.1 G
3917 1 39.0 A
3918 2243 34.9 G
3919 1 14.0 T
3920 2 15.5 C
3921 2 13.5 C
3922 2292 36.8 G
3923 1 39.0 A
3924 2 14.0 A
3928 2323 36.1 G
3930 2 16.0 C
3931 1 40.0 T
3932 1 27.0 C
3933 5 32.2 A
3934 2295 36.4 G
3935 2291 36.3 G
3936 1 16.0 C
3937 1 14.0 T
3939 1 14.0 C
3940 1 39.0 A
3946 2333 35.1 G
3947 2 24.0 A
3948 1 16.0 A
3950 1 16.0 A
3952 2362 36.6 G
3954 2 14.0 C
3955 2448 35.5 G
3957 3 39.3 A
3958 2545 35.0 G
3959 2550 34.8 G
3960 1 14.0 C
3961 1 14.0 C
3963 1 14.0 C
3964 4 18.7 T
3966 1 16.0 C
3967 2721 35.8 G
3968 2 14.5 C
3969 3 22.7 C
3973 1 16.0 T
3975 2 16.0 C
3976 1 16.0 T
3977 2 16.0 T
3978 2 15.0 C
3979 1 31.0 A
3981 1 16.0 A
3982 2841 35.9 G
3985 2896 35.9 G
3987 1 14.0 A
3991 1 14.0 A
3993 1 14.0 A
3994 2 16.0 A
3995 3 23.7 A
3996 1 27.0 C
3999 1 16.0 T
4000 1 36.0 A
4001 2 16.0 T
4003 1 39.0 A
4004 3 15.7 T
4007 2 21.5 T
4008 2 15.5 A
4010 1 16.0 A
4012 2 27.0 A
4015 1 27.0 C
4016 3 13.7 T
4018 1 13.0 A
4019 1 15.0 C
4021 1 15.0 A
4022 1 16.0 C
4026 1 15.0 A
4028 1 16.0 T
4029 4 37.5 C
4031 1 16.0 T
4033 1 40.0 C
4034 1 31.0 T
4036 3165 36.7 G
4037 3165 36.6 G
4039 1 16.0 A
4042 1 15.0 A
4043 2 16.0 C
4044 1 13.0 A
4047 1 16.0 T
4048 3147 36.5 G
4049 3 23.0 A
4050 1 15.0 C
4051 3044 36.1 G
4052 1 13.0 C
4053 1 14.0 A
4056 1 34.0 C
4057 1 16.0 T
4059 1 15.0 C
4062 1 40.0 T
4063 2807 36.6 G
4064 2 27.5 A
4065 1 16.0 A
4066 1 16.0 C
4068 1 16.0 C
4070 2 16.0 A
4071 1 16.0 C
4072 1 16.0 A
4073 1 39.0 C
4074 2 14.5 A
4075 2 22.5 A
4076 1 15.0 C
4077 3 20.7 A
4081 1 16.0 T
4082 1 27.0 T
4084 2299 36.6 G
4085 1 13.0 T
4086 1 39.0 C
4088 1 16.0 C
4090 1 15.0 A
4091 1 16.0 A
4092 2118 36.1 G
4096 2 37.0 C
4097 2 13.0 T
4100 1 14.0 T
4101 1 13.0 T
4105 1 27.0 A
4107 1 14.0 C
4111 1 14.0 C
4113 1616 37.1 G
4114 1 16.0 T
4117 1 15.0 T
4119 2 27.5 A
4121 1349 37.0 G
4122 2 38.0 A
4123 1 16.0 A
4125 1 16.0 T
4127 1217 37.3 G
4128 1 16.0 A
4129 1 16.0 A
4132 1096 37.2 G
4136 9 36.7 A
4138 1 15.0 C
4141 1 13.0 C
4142 919 37.1 G
4148 831 36.8 G
4151 1 14.0 A
4153 710 37.0 G
4156 1 13.0 C
4170 1 16.0 C
4173 1 16.0 A
4175 376 36.9 G
4177 3 22.0 A
4181 1 14.0 A
4201 139 36.4 G
4214 94 37.8 G
4219 84 35.5 G
4244 27 36.6 G
4264 4 35.7 G
4271 4 38.2 G
4275 4 39.0 G
4282 4 38.2 G
4284 4 37.0 G
4292 4 39.5 G
4296 2 39.5 G
4298 2 39.5 G
4308 1 39.0 G
4309 1 40.0 G
4311 1 40.0 G
4332 1 40.0 G
4333 1 40.0 G
4481 34 36.9 G
4482 34 36.5 G
4491 34 37.0 G
4512 34 37.1 G
4515 34 35.9 G
4516 34 34.6 G
4530 34 29.0 G
4532 34 33.7 G
4537 34 26.4 G
4596 3 39.0 G
4621 14 37.1 G
4629 18 36.9 G
4632 20 37.5 G
4635 20 37.8 G
4643 21 37.3 G
4655 26 37.2 G
4659 28 36.4 G
4665 31 36.6 G
4679 1 16.0 T
4686 31 38.0 G
4713 30 35.9 G
4714 30 35.4 G
4720 26 37.8 G
4742 1 16.0 T
4769 11 33.5 A
4770 16 34.7 G
4776 17 36.6 G
4786 1 27.0 T
4788 24 36.2 G
4789 24 36.5 G
4794 21 35.4 G
4810 28 33.6 G
4812 28 36.2 G
4818 29 35.0 G
4820 31 36.4 G
4821 31 36.0 G
4822 1 15.0 T
4830 34 36.9 G
4831 34 35.5 G
4841 36 36.1 G
4848 37 37.0 G
4849 39 36.6 G
4853 42 36.7 G
4857 1 16.0 C
4867 42 34.1 G
4878 33 33.4 G
4884 1 13.0 A
4917 1 39.0 A
4920 19 36.6 G
4924 24 35.1 G
4959 38 35.5 G
4962 43 35.8 G
4963 42 34.1 G
4966 49 34.7 G
4969 56 34.8 G
4971 61 35.7 G
4972 67 36.2 G
4974 68 35.6 G
4975 68 36.5 G
4977 1 16.0 T
4986 1 15.0 A
4991 129 36.1 G
4993 1 27.0 T
4996 146 37.1 G
5007 205 36.5 G
5020 1 13.0 T
5025 1 15.0 C
5030 1 39.0 A
5031 386 36.0 G
5032 391 36.5 G
5035 413 36.6 G
5036 1 14.0 A
5041 1 14.0 T
5043 466 35.7 G
5046 486 37.0 G
5048 1 16.0 T
5051 2 32.5 A
5054 566 36.6 G
5070 1 16.0 A
5077 1 27.0 T
5084 1 16.0 A
5092 1 27.0 A
5102 1 16.0 A
5103 1 16.0 A
5106 1 16.0 A
5107 1 16.0 C
5108 1 15.0 T
5111 1 15.0 C
5112 1720 36.0 G
5114 1 27.0 A
5122 2 15.0 T
5124 1 16.0 C
5126 1 16.0 C
5129 1 16.0 C
5132 1 15.0 A
5134 1 16.0 A
5135 1 27.0 C
5136 1 14.0 T
5138 1 15.0 C
5140 2187 36.5 G
5142 2 26.5 A
5143 1 16.0 C
5145 2 14.0 A
5147 2372 36.3 G
5150 1 14.0 C
5151 1 14.0 C
5153 1 16.0 A
5156 1 38.0 A
5158 2 21.0 T
5161 1 16.0 C
5163 1 36.0 C
5164 2524 36.5 G
5166 1 27.0 A
5170 2565 36.3 G
5172 2 27.5 A
5175 1 27.0 A
5176 1 27.0 A
5177 2523 36.2 G
5182 1 39.0 C
5185 2560 36.1 G
5186 1 16.0 A
5188 3 14.7 T
5189 2 39.5 A
5190 1 16.0 A
5191 1 16.0 C
5192 3 19.0 A
5193 1 37.0 C
5195 1 15.0 C
5199 1 16.0 A
5200 3 23.0 T
5201 2 23.5 T
5204 1 13.0 A
5208 2 22.5 A
5209 1 27.0 C
5210 2 14.5 C
5213 1 16.0 C
5214 1 13.0 C
5215 1 13.0 T
5216 1 16.0 C
5218 1 16.0 C
5223 2408 35.7 G
5224 2432 35.4 G
5226 2415 35.1 G
5227 2431 35.1 G
5231 2502 35.0 G
5233 2 14.0 C
5234 1 14.0 C
5237 2520 35.9 G
5239 1 14.0 T
5241 1 34.0 A
5242 1 16.0 C
5244 2702 36.2 G
5245 2666 36.1 G
5250 2 16.0 T
5252 2767 34.4 G
5255 3 18.3 C
5256 2 15.0 A
5260 2861 35.4 G
5261 2886 35.3 G
5262 2872 35.8 G
5266 1 16.0 T
5267 2 15.5 T
5271 3041 35.5 G
5272 2 14.0 A
5274 3083 36.1 G
5277 2 21.5 T
5278 2 16.0 T
5279 1 16.0 C
5280 1 16.0 A
5281 2 16.0 C
5284 2 16.0 A
5285 1 16.0 A
5287 2 40.0 A
5289 2 13.5 A
5291 2 16.0 T
5292 1 14.0 A
5293 3182 35.9 G
5294 1 16.0 C
5295 2 13.5 C
5296 1 13.0 T
5298 3 30.7 A
5299 1 16.0 T
5301 1 16.0 A
5302 1 27.0 T
5305 1 15.0 C
5309 4 28.5 C
5313 2 14.5 A
5315 1 16.0 A
5316 3151 36.3 G
5318 1 27.0 C
5319 1 14.0 A
5321 2 26.5 C
5323 2 15.5 T
5324 2 15.5 C
5325 3 14.7 A
5330 3 23.3 C
5334 1 16.0 A
5347 1 15.0 A
5350 1 34.0 T
5352 1 27.0 C
5353 2244 36.9 G
5355 1 14.0 C
5359 1 16.0 T
5362 1 15.0 A
5363 1 16.0 C
5364 1 16.0 T
5365 1 16.0 C
5366 1 15.0 C
5367 1 31.0 A
5372 1 14.0 A
5373 1 15.0 A
5375 1 16.0 C
5382 1 27.0 C
5389 1 15.0 T
5391 1 16.0 T
5400 955 36.8 G
5402 2 15.5 A
5403 1 16.0 A
5406 1 39.0 A
5410 1 37.0 A
5412 1 15.0 T
5413 701 36.0 G
5417 607 37.2 G
5421 551 36.4 G
5423 1 36.0 A
5426 1 16.0 T
5434 1 27.0 C
5453 1 34.0 A
5458 1 16.0 T
5460 158 33.4 G
5471 106 34.5 G
5474 1 15.0 A
5483 1 13.0 T
5579 43 35.7 G
5585 52 36.3 G
5590 52 34.9 G
5591 52 35.4 G
5595 52 35.3 G
5599 1 16.0 A
5610 52 36.6 G
5619 52 36.5 G
5623 52 36.1 G
5626 1 14.0 A
5631 52 36.9 G
5645 52 34.4 G
5667 1 40.0 G
5668 1 36.0 G
5669 1 27.0 G
5691 1 37.0 G
5698 2 33.0 G
5701 1 16.0 A
5703 5 33.6 G
5718 8 36.2 G
5719 8 37.1 G
5738 7 39.7 G
5741 7 39.0 G
5744 10 34.4 G
5745 12 33.3 G
5746 12 35.2 G
5753 12 36.0 G
5754 12 34.9 G
5756 12 36.6 G
5757 14 36.4 G
5758 14 36.7 G
5760 14 33.4 G
5763 14 37.1 G
5768 14 37.1 G
5769 14 37.6 G
5772 14 37.6 G
5773 14 38.0 G
5777 14 35.9 G
5780 14 37.9 G
5783 14 37.3 G
5791 14 33.4 G
5797 14 34.5 G
5809 12 38.5 G
5821 12 36.2 G
5822 12 37.6 G
5824 12 36.5 G
5825 1 13.0 C
5827 19 36.6 G
5828 19 35.8 G
5835 19 36.6 G
5837 19 37.5 G
5838 19 38.7 G
5849 14 37.3 G
5856 12 37.7 G
5864 12 34.2 G
5871 12 36.5 G
5881 12 37.9 G
5903 5 28.8 G
5906 5 30.8 G
5910 5 30.4 G
5913 4 28.5 G
5917 4 37.5 G
5920 3 22.3 G
5943 4 31.0 G
5949 5 28.0 G
5950 5 32.8 G
5966 1 16.0 A
5970 12 35.5 G
5971 12 34.1 G
5973 12 34.4 G
5977 13 34.8 G
5979 15 35.9 G
5982 16 35.6 G
5983 16 35.9 G
5985 17 37.9 G
5991 17 37.2 G
5992 17 34.7 G
5997 18 36.2 G
6004 22 37.7 G
6016 24 37.5 G
6018 26 37.8 G
6021 29 36.6 G
6023 30 36.2 G
6026 31 36.0 G
6027 31 36.1 G
6028 31 36.3 G
6032 33 37.8 G
6036 33 36.5 G
6037 33 37.0 G
6048 41 36.5 G
6049 40 37.4 G
6054 44 36.6 G
6069 41 37.7 G
6075 40 38.1 G
6081 39 36.5 G
6087 39 35.4 G
6093 41 37.5 G
6111 51 36.4 G
6129 72 35.8 G
6130 72 36.2 G
6132 71 34.6 G
6133 72 34.4 G
6138 75 35.8 G
6139 76 36.3 G
6144 1 13.0 T
6145 75 36.7 G
6150 74 36.5 G
6156 1 16.0 C
6159 1 16.0 A
6165 79 35.4 G
6166 80 35.7 G
6168 83 34.9 G
6174 99 36.8 G
6179 102 36.0 G
6180 102 36.2 G
6182 111 36.6 G
6190 102 36.3 G
6196 1 36.0 A
6205 121 35.0 G
6211 127 35.0 G
6221 1 15.0 T
6235 1 14.0 T
6238 1 15.0 T
6239 151 35.1 G
6242 2 29.0 C
6243 160 35.5 G
6249 158 36.1 G
6251 1 14.0 T
6255 163 36.1 G
6257 169 34.9 G
6258 170 35.4 G
6260 171 33.9 G
6261 167 34.8 G
6264 173 35.7 G
6265 169 36.0 G
6267 2 39.5 G
6270 206 35.7 G
6271 207 36.1 G
6276 219 36.5 G
6277 222 36.4 G
6278 1 16.0 T
6280 231 36.3 G
6285 252 37.2 G
6287 1 16.0 C
6291 1 16.0 C
6300 298 36.0 G
6303 319 35.8 G
6304 317 35.2 G
6305 321 34.4 G
6321 359 35.7 G
6322 359 35.7 G
6324 366 35.3 G
6330 415 35.9 G
6333 414 35.3 G
6343 1 16.0 T
6345 1 15.0 T
6359 439 36.4 A
6360 483 34.9 G
6363 500 35.7 G
6364 503 33.9 G
6366 507 34.9 G
6371 1 15.0 C
6381 556 35.2 G
6382 553 34.3 G
6383 559 34.4 G
6384 551 34.1 G
6390 1 15.0 A
6391 1 16.0 A
6393 1 16.0 T
6394 1 15.0 T
6398 1 16.0 C
6399 1 16.0 A
6405 1 16.0 A
6411 1 16.0 A
6418 1 15.0 A
6421 1 14.0 C
6424 1 14.0 C
6426 646 35.9 G
6432 1 16.0 A
6446 686 36.1 G
6447 1 15.0 C
6448 1 14.0 C
6453 1 13.0 T
6454 1 16.0 T
6456 710 36.6 G
6460 746 36.7 G
6465 747 36.6 G
6471 1 16.0 A
6476 1 15.0 A
6477 725 36.1 G
6479 1 14.0 A
6480 722 36.6 G
6481 1 16.0 T
6483 1 13.0 C
6504 671 37.0 G
6508 1 15.0 T
6510 660 36.4 G
6512 1 13.0 T
6513 657 36.3 G
6516 648 36.3 G
6517 648 36.0 G
6529 1 16.0 T
6537 531 36.7 G
6541 511 36.3 G
6543 1 14.0 A
6561 2 15.0 T
6562 1 16.0 T
6564 426 36.3 G
6565 1 15.0 A
6570 398 36.0 G
6573 409 36.1 G
6574 411 35.8 G
6576 413 34.9 G
6577 406 35.8 G
6579 405 34.9 G
6580 407 35.7 G
6582 404 34.9 G
6610 387 36.2 G
6618 390 35.7 G
6619 393 36.4 G
6623 1 16.0 C
6627 415 36.5 G
6630 424 36.4 G
6638 1 16.0 T
6642 1 16.0 A
6645 1 27.0 C
6648 1 16.0 C
6651 437 36.5 G
6652 439 36.2 G
6657 454 36.7 G
6658 463 36.4 G
6668 1 14.0 C
6673 1 16.0 T
6675 422 36.5 G
6690 413 37.2 G
6691 417 36.2 G
6693 1 14.0 A
6698 1 40.0 A
6699 395 36.5 G
6703 3 13.7 C
6707 1 16.0 T
6708 366 36.3 G
6709 362 36.3 G
6715 1 15.0 T
6717 328 36.5 G
6718 321 36.4 G
6722 294 36.5 G
6723 293 36.1 G
6727 265 36.9 G
6729 255 37.0 G
6731 1 14.0 T
6734 3 39.7 G
6743 1 16.0 T
6744 219 34.8 G
6745 207 35.2 G
6747 1 14.0 T
6750 1 13.0 C
6752 1 15.0 A
6753 191 36.8 G
6754 182 37.1 G
6755 171 36.8 G
6762 149 37.0 G
6764 157 35.6 G
6766 157 36.3 G
6768 149 36.3 G
6786 90 38.1 G
6789 82 38.1 G
6790 82 38.0 G
6795 77 37.4 G
6798 72 37.7 G
6801 74 37.6 G
6808 81 36.8 G
6810 81 37.1 G
6825 100 37.5 G
6834 1 16.0 A
6840 107 36.1 G
6852 151 36.3 G
6853 155 34.6 G
6855 173 35.5 G
6861 193 36.5 G
6868 202 36.5 G
6871 211 35.9 G
6876 245 35.3 G
6888 294 36.5 G
6889 298 35.6 G
6892 303 35.2 G
6895 1 16.0 A
6899 332 36.5 G
6902 1 16.0 A
6904 340 36.4 G
6906 1 13.0 T
6909 367 36.1 G
6911 1 27.0 T
6912 387 35.9 G
6914 1 15.0 A
6915 394 36.7 G
6917 401 35.3 G
6921 1 15.0 T
6922 417 35.8 G
6924 422 36.0 G
6930 469 36.1 G
6931 477 36.6 G
6933 1 16.0 T
6951 484 37.1 G
6954 453 35.1 G
6955 450 35.3 G
6957 442 35.3 G
6958 451 36.0 G
6962 454 37.0 G
6966 463 36.8 G
6967 475 36.4 G
6969 1 27.0 A
6972 446 36.4 G
6973 1 16.0 T
6978 426 37.0 G
6982 1 13.0 A
6987 1 16.0 T
6993 397 36.2 G
6999 382 37.5 G
7005 1 39.0 C
7006 1 14.0 A
7008 390 36.2 G
7011 1 13.0 A
7013 387 36.6 G
7020 359 37.2 G
7023 344 36.2 G
7026 327 36.1 G
7028 1 14.0 C
7041 285 36.3 G
7051 1 16.0 T
7053 453 35.6 G
7054 468 35.3 G
7056 515 35.5 G
7059 571 36.1 G
7065 700 35.6 G
7068 1 14.0 A
7070 2 16.0 C
7071 1 15.0 A
7074 990 35.7 G
7075 1025 35.8 G
7077 1069 35.7 G
7078 1090 36.1 G
7080 1 14.0 T
7081 1 16.0 T
7085 1 39.0 T
7087 3 19.7 A
7090 1555 37.1 G
7095 1 27.0 C
7096 1 16.0 C
7100 1 30.0 A
7101 1 16.0 T
7103 1 16.0 C
7106 2 21.0 A
7107 2207 36.7 G
7108 2243 36.5 G
7110 1 14.0 T
7111 1 37.0 A
7112 1 36.0 C
7113 1 38.0 A
7116 1 14.0 C
7117 2 13.5 T
7119 2719 36.3 G
7120 2 16.0 A
7122 1 27.0 C
7126 1 16.0 C
7128 1 13.0 T
7130 1 16.0 C
7131 3288 36.8 G
7132 1 15.0 C
7134 1 13.0 A
7136 1 27.0 A
7137 2 16.0 A
7138 1 16.0 T
7139 1 30.0 C
7140 1 40.0 C
7141 4 20.7 A
7142 1 30.0 T
7143 1 16.0 T
7145 1 34.0 C
7149 11 32.5 A
7151 2 21.0 C
7152 1 15.0 A
7154 1 16.0 A
7155 1 16.0 T
7156 1 16.0 T
7158 3 23.7 A
7160 2 16.0 C
7161 5334 36.4 G
7162 5374 35.8 G
7163 1 14.0 C
7164 5593 36.3 G
7167 3 30.0 A
7168 2 25.5 A
7169 3 16.0 T
7170 2 16.0 C
7171 1 15.0 T
7173 1 34.0 A
7174 1 34.0 C
7175 2 15.0 T
7177 3 15.7 T
7179 4 21.0 T
7180 3 16.0 T
7181 1 16.0 C
7182 5 25.0 C
7183 2 14.0 C
7184 3 15.0 A
7185 1 16.0 C
7186 3 20.7 A
7187 1 40.0 A
7188 1 40.0 C
7189 18 34.0 A
7190 2 27.0 C
7191 5 15.0 T
7192 2 16.0 T
7193 2 21.5 T
7194 2 25.5 C
7195 5 14.8 T
7196 1 40.0 C
7197 7714 36.2 G
7198 7738 35.8 G
7199 1 14.0 C
7200 1 14.0 C
7201 1 14.0 T
7202 225 35.5 A
7204 3 16.0 C
7205 3 28.7 C
7206 8411 36.7 G
7207 8457 36.0 G
7208 1 40.0 A
7209 4 17.2 A
7211 8552 36.0 G
7213 4 14.2 C
7214 3 13.3 C
7215 3 15.0 C
7216 8987 35.8 G
7218 2 26.5 C
7219 9192 36.5 G
7221 1 28.0 T
7222 3 16.0 A
7223 1 27.0 C
7224 7 19.7 T
7226 9606 36.5 G
7227 9692 36.2 G
7228 2 27.0 A
7229 1 13.0 C
7230 3 22.7 T
7231 2 16.0 A
7232 3 19.7 C
7233 6 17.0 C
7234 4 17.2 C
7235 2 15.0 C
7236 9922 36.3 G
7237 2 13.0 A
7239 9981 35.9 G
7241 3 14.0 A
7242 2 15.5 T
7243 1 16.0 A
7245 3 23.0 A
7246 3 16.0 C
7247 3 21.3 C
7248 9 28.4 A
7249 1 27.0 C
7250 6 24.3 A
7251 2 15.5 T
7252 10065 36.0 G
7253 1 30.0 A
7254 11 19.6 A
7255 3 16.0 A
7256 1 38.0 C
7257 2 26.0 A
7258 1 16.0 T
7259 2 25.5 C
7260 3 27.3 C
7261 1 38.0 T
7262 4 29.7 A
7263 2 14.0 T
7264 2 16.0 C
7266 4 16.0 T
7267 1 16.0 C
7268 6 19.5 T
7269 9759 36.7 G
7271 4 21.0 A
7272 9652 36.0 G
7273 9560 35.9 G
7275 3 24.0 T
7276 2 15.5 C
7277 4 20.2 A
7278 2 16.0 T
7279 3 22.0 T
7280 2 16.0 C
7281 4 20.5 A
7282 1 16.0 T
7283 2 16.0 T
7284 1 16.0 T
7285 2 16.0 C
7286 1 16.0 T
7287 2 27.0 C
7289 3 16.0 A
7290 3 27.3 A
7291 1 16.0 C
7292 10 21.3 A
7293 9274 36.5 G
7294 1 39.0 C
7295 12 19.2 A
7296 9103 36.5 G
7297 2 21.5 T
7298 2 16.0 A
7300 1 16.0 T
7301 21 35.6 A
7302 2 16.0 T
7303 9 22.1 T
7304 16 33.4 A
7305 8 17.4 A
7306 2 16.0 T
7308 2 26.0 A
7309 1 16.0 T
7310 4 15.5 T
7311 4 14.7 T
7312 2 15.0 T
7313 3 30.3 C
7314 6 18.0 A
7316 8114 36.6 G
7318 1 16.0 T
7319 2 15.5 T
7320 3 15.7 T
7321 7738 35.5 G
7322 5 26.6 A
7323 7624 35.8 G
7324 3 16.0 A
7325 1 16.0 A
7326 7220 36.0 G
7329 1 13.0 T
7332 7069 36.5 G
7334 1 14.0 T
7337 6587 36.1 G
7340 6297 36.2 G
7342 6192 36.8 G
7343 1 14.0 A
7344 4 20.0 A
7346 5 13.4 A
7347 5928 36.4 G
7348 1 15.0 T
7349 1 16.0 C
7350 2 15.0 C
7352 1 16.0 A
7353 1 16.0 A
7356 5389 37.2 G
7359 5172 36.7 G
7360 3 30.7 A
7361 1 40.0 A
7362 4944 36.5 G
7363 1 30.0 A
7364 5 27.8 A
7366 1 15.0 C
7367 1 13.0 C
7369 1 40.0 C
7370 1 14.0 C
7372 1 16.0 T
7373 2 27.5 A
7374 1 13.0 A
7376 1 15.0 C
7377 1 15.0 C
7379 3718 36.5 G
7380 3661 36.3 G
7381 1 14.0 A
7382 3505 36.2 G
7383 1 15.0 T
7384 3360 36.1 G
7388 7 39.0 A
7389 1 13.0 T
7391 1 15.0 T
7392 2672 35.9 G
7393 2579 36.0 G
7394 26 34.9 A
7396 2367 35.4 G
7398 1 35.0 C
7399 5 13.2 C
7400 2 15.0 C
7402 2 26.0 C
7403 1 13.0 A
7411 2 24.0 A
7415 1 14.0 A
7418 1 30.0 C
7419 1115 33.3 G
7420 1 14.0 A
7421 1 38.0 A
7422 1050 34.2 G
7423 4 13.2 A
7428 859 35.5 G
7429 2 13.0 T
7434 1 15.0 A
7435 1 16.0 T
7437 1 16.0 A
7444 430 33.3 G
7453 319 34.4 G
7454 307 35.2 G
7457 272 34.7 G
7458 272 34.9 G
7463 218 34.3 G
7464 1 15.0 A
7475 140 34.1 G
7478 121 34.5 G
7479 121 35.7 G
7486 94 34.7 G
7497 69 34.2 G
7498 67 35.1 G
7506 45 35.4 G
7514 1 39.0 C
7548 1 39.0 G
7554 1 36.0 G
7565 1 31.0 G
7566 1 39.0 G
7588 161 34.1 G
7589 161 34.4 G
7595 161 33.9 G
7598 162 34.5 G
7600 162 33.7 G
7604 163 36.0 G
7607 162 36.9 G
7608 163 36.1 G
7616 163 36.0 G
7619 163 36.2 G
7627 1 16.0 C
7637 165 35.0 G
7640 165 33.7 G
7642 166 35.1 G
7658 21 38.1 G
7664 24 36.6 G
7673 1 16.0 A
7689 39 36.2 G
7697 48 35.9 G
7702 49 36.8 G
7706 50 36.6 G
7741 1 16.0 T
7743 1 16.0 C
7754 91 34.7 G
7757 99 35.4 G
7762 119 36.1 G
7763 123 35.8 G
7769 137 37.2 G
7775 160 36.3 G
7779 179 36.2 G
7789 212 35.5 G
7793 234 35.7 G
7805 301 36.0 G
7811 1 15.0 A
7814 393 35.9 G
7818 1 14.0 T
7830 514 36.6 G
7832 1 14.0 A
7836 1 27.0 T
7840 1 39.0 C
7846 1 38.0 A
7847 762 36.2 G
7848 1 39.0 A
7850 909 35.4 G
7852 965 34.9 G
7853 990 35.3 G
7856 2 27.0 A
7857 1 16.0 A
7859 1219 36.2 G
7862 1 16.0 C
7866 1 39.0 C
7868 1 15.0 C
7870 1 40.0 T
7871 1 16.0 A
7873 1 16.0 C
7874 2 15.0 A
7875 1 16.0 T
7876 1 16.0 C
7878 1 27.0 A
7879 3 30.3 A
7882 1 38.0 A
7883 2 37.5 A
7886 1865 35.1 G
7887 1888 35.4 G
7890 3 18.3 A
7892 1 14.0 C
7896 2205 36.1 G
7897 2243 36.4 G
7899 1 27.0 A
7901 2 15.0 T
7902 2578 35.9 G
7907 3 13.7 T
7908 1 31.0 A
7910 3104 36.4 G
7912 3195 35.7 G
7914 1 39.0 A
7919 3587 35.5 G
7920 2 26.0 A
7921 1 14.0 C
7922 2 13.5 T
7923 1 35.0 A
7925 4161 36.2 G
7926 4243 35.3 G
7927 1 14.0 C
7928 4550 35.3 G
7929 4620 35.4 G
7930 3 22.7 A
7931 2 31.0 C
7932 3 14.0 T
7935 2 16.0 T
7937 1 16.0 T
7938 1 16.0 T
7940 11 29.5 A
7941 4 16.0 A
7942 1 16.0 C
7943 2 15.0 T
7944 2 16.0 C
7946 1 15.0 T
7947 4 28.0 A
7949 1 15.0 A
7950 2 15.5 T
7951 3 28.3 A
7952 1 16.0 C
7954 3 15.7 T
7956 3 19.7 C
7957 1 15.0 C
7958 1 15.0 C
7959 1 14.0 C
7960 2 24.5 A
7961 2 14.5 T
7962 1 16.0 T
7963 4 24.5 A
7964 1 16.0 T
7965 1 16.0 T
7966 1 16.0 C
7967 4 33.5 C
7968 2 21.5 T
7969 1 35.0 A
7970 7940 35.9 G
7971 1 16.0 A
7972 3 27.0 A
7973 1 27.0 C
7974 2 27.0 C
7975 11 28.4 A
7976 8616 36.2 G
7977 8645 35.8 G
7979 9047 34.9 G
7983 2 13.0 T
7984 9467 35.8 G
7985 2 27.0 C
7986 9877 35.6 G
7987 5 26.8 A
7988 1 40.0 C
7989 4 13.2 T
7990 1 14.0 C
7991 6 24.2 C
7993 5 22.8 T
7994 10516 35.3 G
7995 2 26.5 A
7996 4 29.2 C
7997 10793 36.9 G
7999 2 21.0 T
8000 10876 35.0 G
8001 1 16.0 A
8003 4 19.5 A
8004 4 25.2 A
8005 6 17.3 T
8007 11333 36.0 G
8008 1 15.0 A
8009 11341 36.1 G
8010 7 16.9 T
8011 6 19.0 A
8012 11563 36.4 G
8014 2 16.0 A
8016 5 15.0 T
8017 4 16.0 C
8018 2 15.0 C
8019 6 18.7 C
8020 11975 36.1 G
8022 5 25.6 T
8023 1 13.0 T
8024 12127 35.1 G
8025 6 17.7 A
8026 1 38.0 A
8027 12105 35.5 G
8029 6 16.0 C
8030 4 16.7 C
8031 3 14.0 C
8032 2 26.5 C
8033 8 16.4 A
8034 38 34.5 T
8036 2 16.0 C
8037 12252 37.0 G
8038 2 15.0 T
8039 2 16.0 A
8040 3 15.3 T
8041 7 17.4 A
8042 4 22.0 A
8043 3 15.7 T
8044 2 14.5 A
8045 3 31.7 A
8046 3 21.3 T
8048 5 25.2 A
8049 2 19.0 C
8050 4 22.2 A
8051 4 18.2 T
8052 3 14.7 C
8053 7 17.9 A
8054 2 15.0 C
8055 7 14.9 A
8056 7 28.1 A
8057 12647 35.8 G
8058 2 14.5 A
8059 1 16.0 C
8060 12778 36.7 G
8061 2 27.5 T
8062 2 27.0 C
8063 2 26.5 T
8064 4 15.0 T
8065 12557 35.2 G
8066 1 15.0 C
8067 6 18.0 A
8068 1 15.0 C
8069 3 15.7 T
8070 1 16.0 C
8071 42 35.7 A
8072 3 19.7 T
8073 11929 35.3 G
8074 7 25.1 A
8075 11923 35.9 G
8076 1 16.0 C
8077 3 18.0 T
8078 11554 36.0 G
8079 1 14.0 T
8080 4 16.0 C
8081 6 23.0 C
8082 3 38.3 C
8083 2 14.0 C
8084 3 13.7 A
8085 2 15.0 C
8086 33 30.9 A
8087 2 16.0 T
8088 1 15.0 T
8089 26 32.3 A
8090 10549 35.9 G
8091 10507 35.8 G
8092 1 16.0 C
8093 4 13.7 T
8094 5 15.6 T
8095 2 13.5 A
8096 4 16.0 A
8097 1 16.0 A
8098 4 15.7 A
8099 3 15.7 A
8100 1 16.0 C
8101 3 36.7 A
8102 9906 36.8 G
8103 3 22.3 A
8104 3 15.7 T
8105 9527 35.8 G
8106 1 16.0 C
8107 2 26.5 A
8108 2 16.0 A
8109 2 16.0 T
8110 1 16.0 T
8111 2 16.0 C
8112 3 22.7 C
8113 5 24.8 C
8114 9058 36.0 G
8115 9001 35.5 G
8116 3 30.3 A
8117 1 14.0 C
8118 8552 36.3 G
8119 5 13.6 T
8120 2 21.0 C
8121 5 13.4 T
8122 6 21.3 A
8123 9 18.4 A
8124 1 16.0 A
8126 1 14.0 C
8128 4 16.0 A
8129 3 14.7 A
8130 1 14.0 C
8132 1 14.0 A
8133 2 28.5 C
8134 2 14.0 T
8135 1 15.0 T
8136 1 16.0 T
8138 1 15.0 A
8139 3 14.3 C
8140 2 16.0 C
8141 6525 36.0 G
8142 1 14.0 C
8143 1 13.0 T
8145 1 13.0 C
8146 1 14.0 A
8148 5997 35.2 G
8149 1 13.0 A
8150 4 23.5 C
8151 1 14.0 C
8152 5672 35.2 G
8153 5471 34.9 G
8154 5365 34.3 G
8155 5264 34.6 G
8156 5207 34.9 G
8157 3 14.0 T
8160 2 16.0 A
8163 1 36.0 A
8164 1 16.0 C
8165 4238 34.3 G
8166 4189 34.5 G
8167 1 13.0 T
8169 2 13.0 A
8170 1 16.0 A
8171 1 15.0 T
8172 3804 34.3 G
8175 1 16.0 C
8177 3414 33.3 G
8179 2 16.0 A
8180 3 19.7 A
8181 2 15.5 T
8183 1 15.0 T
8184 3091 34.8 G
8186 2982 33.3 G
8187 2942 34.4 G
8188 1 15.0 A
8189 2840 34.2 G
8191 1 14.0 A
8192 2 16.0 A
8193 2 27.5 A
8199 2294 36.5 G
8200 5 14.6 T
8201 1 15.0 T
8204 2 33.0 A
8206 1960 34.5 G
8210 1 15.0 A
8212 1 16.0 C
8213 1590 35.2 G
8214 3 13.3 T
8216 1 14.0 C
8219 1298 35.7 G
8221 1 16.0 A
8226 1 16.0 T
8228 1 16.0 C
8236 1 16.0 A
8240 1 36.0 T
8243 618 35.3 G
8246 1 16.0 A
8249 463 36.2 G
8250 432 35.9 G
8251 13 28.8 G
8255 367 36.3 G
8269 217 35.0 G
8286 1 13.0 T
8290 76 34.6 G
8292 72 35.1 G
8299 6 34.7 G
8304 6 33.5 G
8313 3 37.0 G
8328 2 39.5 G
8334 2 39.5 G
8340 1 40.0 G
8342 2 37.0 G
8361 2 39.5 G
8363 2 39.5 G
8368 7 35.7 G
8387 7 37.1 G
8391 7 38.1 G
8392 7 33.4 G
8473 1 14.0 T
8485 36 37.6 G
8495 1 36.0 A
8517 4 34.7 G
8519 5 36.8 G
8529 6 29.0 G
8533 6 32.2 G
8541 36 36.7 G
8545 36 35.4 G
8557 40 35.1 G
8572 40 35.7 G
8581 43 35.9 G
8584 43 34.7 G
8587 44 36.1 G
8592 45 34.8 G
8616 19 37.3 G
8648 39 35.0 G
8669 67 35.7 G
8697 158 36.3 G
8719 305 35.6 G
8720 305 35.9 G
8723 333 36.3 G
8729 345 36.5 G
8733 1 14.0 T
8743 386 36.1 G
8747 1 39.0 C
8753 1 16.0 T
8755 1 27.0 A
8764 396 35.8 G
8767 1 13.0 A
8782 345 36.3 G
8783 346 35.4 G
8790 315 34.5 G
8798 1 16.0 C
8833 130 34.3 G
8836 1 13.0 A
8838 103 32.8 G
8839 104 33.5 G
8840 1 34.0 C
8852 58 32.2 G
8854 45 29.6 G
8856 30 30.2 G
8857 30 32.6 G
8858 21 30.1 G
8860 1 39.0 A
8863 255 33.8 G
8865 359 34.7 G
8870 1 16.0 T
8872 641 35.7 G
8873 668 35.7 G
8875 1 14.0 T
8879 918 36.1 G
8881 2 14.0 T
8882 1 35.0 C
8886 1284 36.9 G
8889 1 16.0 T
8891 1 16.0 A
8893 1 16.0 A
8896 1670 36.4 G
8898 1 15.0 C
8899 1 14.0 C
8901 1 16.0 A
8902 1924 36.4 G
8904 1 14.0 C
8907 1 27.0 C
8911 1 16.0 T
8917 1 16.0 C
8918 2 27.0 A
8920 2777 36.5 G
8921 2815 36.0 G
8923 2 14.0 A
8924 1 15.0 C
8925 3 22.0 A
8926 1 16.0 C
8928 1 14.0 T
8930 1 16.0 C
8933 1 15.0 C
8934 1 14.0 C
8936 2 30.5 T
8939 1 15.0 T
8941 1 14.0 C
8944 3 13.3 A
8947 2 16.0 C
8950 3917 37.5 G
8951 1 16.0 T
8953 2 33.5 A
8954 1 15.0 T
8955 3 19.7 T
8957 2 15.5 T
8959 3928 36.5 G
8960 2 14.0 A
8961 2 16.0 A
8962 1 15.0 A
8963 1 14.0 C
8966 1 34.0 T
8967 2 35.0 C
8968 2 26.5 A
8969 3846 36.5 G
8973 2 28.0 A
8975 2 15.0 T
8976 1 16.0 C
8977 2 15.0 A
8978 4 18.5 T
8981 5 29.2 A
8985 1 14.0 A
8989 3526 35.9 G
8991 3 22.7 C
8992 1 13.0 C
8994 3548 34.9 G
8995 3535 35.6 G
8996 1 16.0 C
8998 3512 36.9 G
9002 3455 36.4 G
9006 1 16.0 A
9007 1 16.0 A
9008 1 16.0 C
9010 3252 36.8 G
9011 1 13.0 C
9012 1 14.0 T
9014 1 14.0 A
9015 2 16.0 C
9016 2 39.5 A
9019 2 25.0 A
9020 2 16.0 C
9022 2889 35.2 G
9024 5 32.4 A
9025 2837 35.7 G
9026 2771 35.9 G
9029 1 13.0 A
9031 1 13.0 C
9033 1 27.0 A
9035 1 15.0 T
9039 2419 35.7 G
9041 3 13.7 A
9043 2 16.0 C
9044 1 13.0 T
9045 2 16.0 A
9046 1 16.0 A
9048 1 15.0 T
9049 2317 35.4 G
9050 2326 36.2 G
9051 1 14.0 A
9052 1 27.0 A
9053 2288 35.9 G
9055 2275 35.3 G
9057 1 27.0 C
9059 1 13.0 C
9064 2053 36.5 G
9065 1 16.0 C
9067 2 14.5 A
9072 2 21.5 A
9073 2 16.0 A
9075 1 15.0 C
9076 1 27.0 A
9079 1 30.0 A
9081 1 16.0 C
9082 1 15.0 C
9084 3 20.3 T
9089 1 39.0 C
9094 1 27.0 C
9095 1 15.0 T
9097 1 37.0 A
9098 1 16.0 T
9102 1 15.0 C
9103 1 27.0 T
9111 1 16.0 T
9112 1 39.0 C
9123 518 37.0 G
9128 1 16.0 T
9133 375 37.0 G
9135 1 40.0 A
9139 312 37.1 G
9142 293 36.7 G
9145 265 36.3 G
9157 167 35.6 G
9160 1 13.0 T
9163 131 37.5 G
9178 74 37.1 G
9182 54 35.3 G
9192 29 34.1 G
9196 23 35.3 G
9209 87 36.6 G
9225 109 37.3 G
9237 110 37.6 G
9247 110 36.5 G
9253 110 35.4 G
9262 1 16.0 C
9264 110 36.3 G
9265 110 34.5 G
9266 110 34.4 G
9267 110 33.9 G
9276 30 36.5 G
9287 26 26.9 G
9294 5 29.8 G
9295 5 28.6 G
9300 4 36.5 G
9305 4 31.7 G
9307 4 27.5 G
9315 1 27.0 T
9329 21 33.4 G
9341 1 37.0 A
9342 24 34.5 G
9343 24 34.1 G
9376 31 36.0 G
9379 36 34.6 G
9380 35 35.1 G
9382 36 34.6 G
9384 36 34.7 G
9387 49 35.3 G
9394 51 36.9 G
9396 39 36.2 G
9400 50 34.6 G
9409 1 15.0 A
9411 57 35.1 G
9412 59 35.3 G
9429 70 36.5 G
9438 73 36.6 G
9439 73 35.7 G
9445 100 36.9 G
9450 116 36.8 G
9451 118 36.3 G
9452 118 35.6 G
9466 1 16.0 T
9474 211 36.7 G
9477 211 37.2 G
9489 253 36.0 G
9492 288 35.6 G
9493 294 35.9 G
9502 430 36.0 G
9504 444 36.2 G
9514 1 15.0 A
9520 590 35.8 G
9525 661 35.2 G
9527 1 14.0 C
9531 1 16.0 A
9538 3 14.0 A
9543 968 34.5 G
9544 980 34.5 G
9546 1096 34.6 G
9547 1108 34.5 G
9548 1112 34.3 G
9552 1 15.0 T
9553 1240 34.3 G
9554 1235 34.6 G
9556 1 14.0 C
9563 2 14.5 A
9564 1505 35.7 G
9565 1519 35.7 G
9567 2 20.5 A
9571 1 16.0 C
9572 1 27.0 C
9575 1811 35.6 G
9579 2 13.5 A
9581 1 16.0 T
9585 1 15.0 C
9587 2 16.0 A
9588 2394 35.9 G
9589 3 14.7 A
9590 1 16.0 A
9591 2527 35.8 G
9594 1 15.0 C
9598 3 24.0 T
9599 3 16.0 C
9600 2 28.0 C
9601 4 21.0 T
9603 2 21.5 A
9604 1 34.0 A
9605 2 16.0 C
9608 2 21.0 A
9610 2 23.0 C
9612 3363 37.0 G
9615 1 27.0 T
9616 2 16.0 T
9617 1 16.0 A
9620 1 16.0 C
9621 3938 36.4 G
9622 1 15.0 C
9624 2 14.5 T
9626 1 15.0 A
9627 4431 36.6 G
9628 4463 36.6 G
9629 1 40.0 A
9630 4503 36.7 G
9631 1 15.0 T
9633 2 16.0 T
9634 1 16.0 C
9635 8 17.9 A
9636 4 25.7 A
9639 1 16.0 A
9640 1 16.0 C
9641 1 15.0 C
9642 1 15.0 T
9643 4599 36.4 G
9644 2 40.0 A
9645 4564 36.5 G
9647 3 14.0 T
9649 2 15.0 A
9650 1 16.0 C
9652 1 15.0 A
9654 1 39.0 A
9655 4768 36.7 G
9658 1 14.0 T
9661 1 16.0 T
9662 3 24.0 A
9663 5126 36.4 G
9664 1 27.0 A
9665 5 24.8 A
9666 1 27.0 A
9667 1 31.0 A
9668 1 16.0 C
9669 2 20.0 A
9670 32 33.2 A
9671 2 15.5 C
9672 1 34.0 C
9673 5956 36.4 G
9674 3 20.3 A
9675 5 13.8 A
9677 2 13.5 C
9678 2 16.0 C
9679 3 22.3 A
9680 3 16.0 A
9681 5 18.2 A
9682 1 16.0 T
9683 1 16.0 A
9684 2 16.0 A
9685 3 19.7 T
9686 1 16.0 T
9687 1 16.0 C
9688 3 29.7 A
9689 4 15.7 A
9690 7073 36.3 G
9692 4 14.5 A
9693 2 16.0 C
9695 7454 35.9 G
9696 1 16.0 C
9697 6 15.0 T
9698 2 16.0 T
9700 3 16.0 T
9704 4 21.2 A
9705 5 23.0 A
9706 31 38.7 T
9707 2 15.5 T
9708 3 19.7 T
9709 2 31.0 T
9710 3 24.0 A
9711 2 21.5 C
9712 2 32.5 T
9713 8482 36.6 G
9714 8487 36.6 G
9715 8438 36.7 G
9716 3 22.3 T
9717 2 27.0 C
9718 9 17.4 T
9719 2 16.0 C
9720 2 14.5 T
9721 2 16.0 A
9722 4 16.0 T
9723 1 16.0 T
9724 2 16.0 T
9725 3 15.7 T
9726 6 26.2 A
9727 1 16.0 C
9728 3 23.3 C
9730 4 14.5 T
9731 3 24.0 C
9732 5 31.6 C
9734 1 30.0 A
9736 1 15.0 A
9737 2 15.5 A
9738 9683 36.4 G
9739 1 16.0 C
9740 2 27.0 C
9741 2 14.0 T
9743 6 30.7 A
9744 10079 37.0 G
9745 9 28.3 A
9746 10177 36.8 G
9747 2 16.0 T
9748 2 28.0 A
9749 1 16.0 C
9750 6 17.2 T
9753 10441 36.9 G
9754 3 26.0 A
9755 10616 36.6 G
9756 2 14.0 T
9757 3 21.7 C
9758 7 19.4 T
9759 2 23.5 C
9760 4 32.2 C
9761 2 25.5 C
9762 1 13.0 T
9763 3 16.0 T
9765 8 18.0 A
9766 2 15.5 C
9767 1 13.0 C
9768 3 27.7 A
9769 2 16.0 T
9771 1 16.0 T
9772 2 25.0 C
9773 2 16.0 C
9774 10003 36.7 G
9775 5 28.0 A
9776 2 14.0 C
9777 9866 36.3 G
9778 9852 36.2 G
9779 1 14.0 C
9780 5 13.6 A
9781 3 22.3 T
9782 2 28.0 C
9783 4 14.2 T
9784 3 25.7 A
9785 1 15.0 C
9786 9467 36.9 G
9787 9478 36.4 G
9789 5 13.6 T
9790 3 20.7 C
9791 3 27.3 A
9792 3 16.0 A
9793 3 22.0 C
9794 1 39.0 A
9795 2 16.0 T
9796 3 15.7 T
9797 1 16.0 T
9798 2 16.0 T
9801 8425 35.6 G
9802 1 27.0 T
9803 4 27.5 A
9804 8311 35.6 G
9805 1 27.0 C
9806 3 13.7 C
9807 7 21.0 A
9808 4 20.2 C
9809 7 26.3 A
9810 7833 35.7 G
9811 7739 35.6 G
9812 1 15.0 C
9813 1 13.0 T
9815 1 25.0 C
9816 3 14.0 C
9817 4 17.7 A
9818 2 15.5 C
9819 7282 36.3 G
9820 7223 36.0 G
9821 4 14.0 A
9822 1 13.0 C
9824 3 15.7 T
9825 1 15.0 C
9826 2 28.0 A
9827 1 37.0 C
9828 6545 36.8 G
9830 1 27.0 C
9831 6 16.3 A
9832 2 21.0 T
9833 2 15.0 T
9834 3 19.7 A
9835 3 23.0 T
9836 1 16.0 T
9837 5662 34.9 G
9838 5581 35.7 G
9840 3 13.7 T
9841 3 35.3 C
9842 4 14.0 A
9843 4 15.7 A
9844 1 16.0 C
9845 3 14.7 T
9846 2 16.0 T
9847 1 16.0 T
9849 3 22.7 C
9850 2 15.0 T
9851 2 27.0 C
9852 2 27.5 A
9853 1 27.0 C
9858 4 15.0 T
9859 3872 35.7 G
9860 1 39.0 C
9864 2 14.0 A
9867 1 15.0 C
9868 3382 36.1 G
9871 2 20.5 A
9876 1 15.0 A
9878 2 16.0 A
9880 1 16.0 T
9881 1 15.0 T
9883 1 16.0 A
9884 1 13.0 C
9887 1 27.0 T
9888 1 16.0 A
9893 3 15.0 C
9896 1 40.0 A
9906 1329 33.3 G
9907 1306 35.1 G
9912 1136 35.7 G
9913 1 15.0 A
9915 1012 35.4 G
9918 877 35.8 G
9921 811 35.7 G
9923 1 35.0 C
9925 724 36.5 G
9931 599 35.7 G
9932 581 36.4 G
9939 490 36.4 G
9941 1 16.0 A
9942 461 36.4 G
9943 1 14.0 A
9945 419 35.6 G
9947 402 35.5 G
9948 392 36.6 G
9949 1 15.0 T
9952 339 35.9 G
9960 1 39.0 C
9961 1 14.0 T
9962 226 36.1 G
9966 5 38.2 G
9971 1 27.0 C
9978 1 15.0 T
9979 106 35.7 G
9982 96 35.4 G
9983 1 13.0 A
9984 86 35.3 G
9985 83 36.3 G
9986 75 35.9 G
10068 907 37.3 G
10076 1 16.0 T
10080 2 16.0 A
10098 910 36.8 G
10106 1 39.0 A
10109 1 16.0 A
10110 1 16.0 A
10111 1 15.0 T
10113 1 16.0 A
10121 2 24.5 A
10126 811 26.5 G
10143 13 35.7 G
10144 13 33.9 G
10152 22 36.7 G
10170 48 37.2 G
10172 50 36.8 G
10174 52 35.6 G
10176 64 36.8 G
10177 64 36.2 G
10182 73 36.7 G
10188 1 16.0 A
10195 1 15.0 C
10197 82 36.1 G
10201 88 36.9 G
10203 88 36.3 G
10230 102 37.3 G
10233 101 36.6 G
10254 99 37.1 G
10258 1 16.0 T
10260 103 37.0 G
10266 102 37.2 G
10288 79 36.8 G
10290 76 35.8 G
10295 1 14.0 A
10310 57 35.6 G
10320 44 37.6 G
10325 42 37.5 G
10337 1 30.0 A
10353 17 36.2 G
10360 14 38.5 G
10364 12 37.7 G
10365 12 39.1 G
10371 10 37.8 G
10373 9 34.9 G
10375 9 30.9 G
10386 4 35.7 G
10387 4 37.5 G
10392 2 27.5 G
10396 1 40.0 G
10406 64 37.7 G
10407 64 37.6 G
10414 64 38.1 G
10418 1 16.0 A
10427 64 37.0 G
10431 64 37.3 G
10437 64 37.8 G
10452 64 36.7 G
10472 174 32.1 G
10500 113 36.7 G
10512 1 15.0 T
10519 1 14.0 T
10521 114 33.8 G
10522 113 34.2 G
10530 114 35.7 G
10537 109 31.2 G
10564 7 31.6 G
10569 7 32.1 G
10572 15 33.8 G
10573 15 32.7 G
10586 17 36.7 G
10589 21 37.4 G
10599 24 38.8 G
10635 40 35.5 G
10644 40 36.0 G
10646 40 34.3 G
10653 46 32.8 G
10660 1 16.0 T
10662 54 36.6 G
10668 55 35.7 G
10671 54 35.3 G
10675 62 36.3 G
10677 61 35.2 G
10680 62 34.9 G
10683 63 35.9 G
10685 61 35.1 G
10686 60 36.8 G
10688 60 34.9 G
10689 61 36.2 G
10690 65 36.5 G
10695 63 37.3 G
10704 69 36.8 G
10725 93 36.5 G
10726 94 34.9 G
10731 98 36.9 G
10737 102 36.7 G
10762 125 35.9 G
10775 144 36.6 G
10801 192 36.4 G
10806 201 36.3 G
10830 220 37.5 G
10851 234 37.4 G
10856 1 16.0 A
10863 202 36.0 G
10865 1 13.0 A
10889 1 27.0 C
10906 1 34.0 A
10911 226 35.5 G
10914 229 36.3 G
10934 229 32.3 G
10935 2 13.5 A
10937 2 14.0 C
10938 1 13.0 C
10941 2 14.0 T
10944 1 16.0 C
10945 2 14.5 A
10946 1 16.0 A
10954 1 14.0 C
10958 1 15.0 A
10962 1 16.0 T
10963 2 16.0 A
10971 259 32.5 G
10972 1 16.0 A
10993 275 33.7 G
10994 280 34.3 G
10998 281 34.7 G
11004 315 35.5 G
11016 340 36.6 G
11018 336 36.6 G
11026 1 13.0 A
11027 2 16.0 T
11031 347 37.5 G
11034 1 15.0 A
11038 1 15.0 A
11043 1 15.0 A
11057 1 16.0 A
11068 1 16.0 A
11073 1 16.0 C
11082 1 15.0 T
11093 368 37.0 G
11099 362 37.2 G
11112 1 16.0 T
11113 2 16.0 T
11115 1 34.0 A
11123 1 16.0 T
11126 379 37.1 G
11132 1 13.0 A
11138 1 39.0 A
11147 1 14.0 T
11149 337 36.3 G
11150 335 36.3 G
11162 1 13.0 C
11163 345 37.1 G
11166 343 35.6 G
11167 1 39.0 A
11168 343 35.7 G
11169 343 36.6 G
11172 1 15.0 A
11174 1 13.0 C
11175 1 34.0 A
11176 343 37.3 G
11180 336 36.9 G
11184 333 36.4 G
11188 339 36.3 G
11192 329 36.8 G
11195 327 35.6 G
11196 325 35.3 G
11202 1 34.0 A
11209 1 16.0 A
11220 1 14.0 T
11222 295 36.7 G
11225 286 36.4 G
11226 287 35.5 G
11246 305 36.2 G
11251 3 27.7 A
11258 1 15.0 A
11273 298 35.4 G
11274 299 35.5 G
11306 283 34.3 G
11312 278 35.0 G
11313 1 16.0 A
11328 272 34.9 G
11330 259 35.3 G
11346 249 35.5 G
11351 247 35.6 G
11353 1 15.0 T
11363 246 35.8 G
11372 232 37.0 G
11377 223 35.5 G
11390 220 35.9 G
11391 229 35.8 G
11403 215 35.4 G
11414 201 35.6 G
11420 194 35.4 G
11423 177 34.0 G
11426 181 33.0 G
11435 181 35.3 G
11437 1 14.0 T
11438 182 34.9 G
11439 182 34.0 G
11440 181 34.7 G
11447 163 36.5 G
11453 159 34.6 G
11456 159 33.7 G
11459 158 35.1 G
11474 157 35.8 G
11475 158 35.2 G
11477 159 35.0 G
11478 158 34.5 G
11483 153 36.6 G
11484 155 35.7 G
11493 148 34.3 G
11499 1 27.0 C
11518 139 35.9 G
11531 138 34.7 G
11546 171 35.1 G
11552 1 37.0 T
11559 186 35.8 G
11561 191 35.6 G
11562 187 36.0 G
11567 1 27.0 A
11572 1 36.0 A
11575 1 27.0 A
11576 3 30.7 A
11577 197 35.3 G
11580 1 37.0 C
11586 221 35.4 G
11592 239 37.1 G
11600 255 36.8 G
11603 1 27.0 C
11611 298 35.8 G
11613 1 14.0 T
11618 362 35.4 G
11620 1 15.0 A
11632 1 39.0 C
11634 470 36.2 G
11638 1 16.0 C
11640 1 16.0 T
11642 499 35.1 G
11646 1 39.0 T
11648 525 36.5 G
11651 551 36.4 G
11657 585 36.4 G
11675 1 14.0 C
11679 750 36.1 G
11682 787 36.2 G
11684 1 14.0 T
11690 931 36.4 G
11691 941 35.8 G
11693 975 35.8 G
11695 2 23.5 A
11696 1047 35.9 G
11697 1 14.0 T
11700 2 16.0 T
11703 1 16.0 T
11705 1 27.0 A
11706 1 15.0 T
11710 1 31.0 C
11711 1145 35.5 G
11713 1 35.0 C
11717 1179 35.4 G
11718 1175 35.8 G
11719 3 21.7 G
11721 1 13.0 T
11722 1 16.0 T
11723 1 16.0 A
11725 1 13.0 A
11731 3 17.7 A
11734 1 38.0 A
11735 1 15.0 C
11736 1 27.0 T
11741 1 16.0 T
11742 1685 35.4 G
11747 1777 36.3 G
11749 3 14.0 A
11750 1 16.0 A
11751 1 15.0 A
11753 1 39.0 T
11758 1 16.0 C
11759 1 27.0 T
11760 1 16.0 A
11762 2190 36.8 G
11763 1 16.0 A
11764 2 25.0 A
11765 1 15.0 C
11766 2309 36.0 G
11769 1 14.0 C
11774 5 38.2 A
11775 2568 36.6 G
11777 1 16.0 C
11778 2654 36.2 G
11780 4 17.2 A
11783 2 15.0 A
11786 1 16.0 A
11788 1 16.0 C
11793 1 16.0 C
11796 2 15.0 A
11797 2 16.0 A
11798 3151 36.2 G
11799 3190 36.2 G
11800 1 15.0 A
11801 2 16.0 C
11804 1 39.0 C
11805 1 16.0 A
11806 2 26.0 A
11809 1 15.0 T
11810 2 32.5 C
11811 2 15.0 T
11812 19 35.0 A
11813 1 16.0 C
11814 3 26.3 T
11816 2 26.5 C
11817 2 21.0 C
11821 1 37.0 A
11822 1 16.0 A
11824 1 16.0 A
11825 3885 36.7 G
11827 2 14.0 T
11829 1 14.0 T
11831 1 16.0 T
11832 4034 36.1 G
11835 4081 36.1 G
11836 2 14.5 A
11837 2 21.5 C
11838 1 28.0 T
11842 8 32.0 A
11843 4301 36.3 G
11845 1 40.0 A
11846 1 16.0 A
11847 4440 35.8 G
11848 1 16.0 C
11850 3 22.3 T
11851 1 16.0 C
11852 4624 36.2 G
11855 2 21.0 A
11856 1 35.0 A
11858 1 13.0 C
11860 1 16.0 C
11861 4704 36.0 G
11862 2 15.0 C
11863 1 13.0 C
11865 1 16.0 T
11866 1 16.0 A
11867 1 16.0 C
11869 2 15.0 C
11871 2 13.5 C
11872 1 30.0 C
11873 2 26.0 A
11874 2 39.5 C
11875 2 14.0 T
11876 1 16.0 A
11877 3 16.0 T
11878 1 16.0 T
11879 4 26.7 A
11880 3 23.7 A
11881 1 27.0 C
11882 2 15.0 C
11884 5 22.8 A
11885 1 27.0 C
11886 1 27.0 T
11887 4923 35.2 G
11888 4929 34.3 G
11889 4949 35.3 G
11890 9 26.4 A
11891 4935 35.5 G
11892 6 24.5 A
11893 3 21.7 A
11895 2 20.5 T
11896 1 39.0 C
11897 1 15.0 T
11898 3 34.3 C
11900 4848 36.6 G
11902 4833 35.0 G
11905 2 16.0 A
11906 4857 36.8 G
11907 2 16.0 T
11908 2 16.0 A
11909 3 16.0 A
11910 1 16.0 C
11911 1 15.0 C
11912 2 20.5 A
11913 1 16.0 C
11914 4778 37.1 G
11915 1 27.0 T
11916 2 21.5 T
11920 1 39.0 C
11921 1 13.0 T
11922 4721 36.9 G
11925 1 15.0 C
11926 2 35.0 A
11927 2 15.0 A
11928 5 20.4 A
11930 3 16.0 A
11931 1 16.0 T
11933 3 16.0 A
11934 1 15.0 C
11935 2 15.0 T
11936 1 16.0 C
11937 3 20.7 T
11939 3 15.0 C
11940 2 24.0 T
11946 1 16.0 C
11948 4070 36.8 G
11949 4036 36.4 G
11952 4 13.5 T
11953 1 13.0 C
11954 3 19.7 A
11955 3 16.0 A
11956 1 40.0 C
11957 1 39.0 A
11959 1 16.0 A
11962 1 16.0 A
11963 3389 36.8 G
11964 1 16.0 T
11965 1 16.0 C
11966 1 36.0 A
11967 2 16.0 C
11968 2 27.0 A
11969 3271 36.4 G
11971 6 13.7 C
11972 1 27.0 C
11973 1 13.0 T
11974 1 16.0 A
11976 4 15.7 A
11979 1 16.0 C
11980 3 14.3 C
11982 2 18.5 T
11983 2 28.0 C
11984 1 13.0 T
11988 1 13.0 T
11989 1 40.0 A
11990 3 15.7 T
11991 3 23.3 T
11993 1 16.0 A
11997 2 15.5 C
11999 1 40.0 A
12003 1 15.0 A
12006 1924 35.5 G
12007 1899 35.5 G
12008 1867 35.4 G
12009 1841 35.4 G
12013 1 27.0 A
12018 1 15.0 C
12019 1 16.0 C
12020 1 15.0 C
12030 1 16.0 A
12031 1 16.0 C
12037 1 40.0 A
12054 606 36.1 G
12056 565 34.6 G
12070 388 35.7 G
12097 1 15.0 C
12113 88 33.1 G
12125 48 34.6 G
12126 46 34.5 G
12127 43 33.9 G
12345 3 39.7 G
12372 3 37.7 G
12476 2 39.0 G
12503 4 35.0 G
12508 4 37.2 G
12514 4 37.2 G
12517 4 37.0 G
12528 4 38.5 G
12533 4 34.0 G
12539 4 32.7 G
12541 4 37.5 G
12561 9 38.4 G
12572 10 39.2 G
12583 27 35.4 G
12608 1 15.0 C
12610 57 37.2 G
12613 57 36.2 G
12618 63 35.6 G
12622 65 38.0 G
12629 70 36.8 G
12630 75 35.8 G
12640 83 36.4 G
12651 93 36.8 G
12653 97 37.2 G
12667 133 36.7 G
12684 171 36.0 G
12686 1 15.0 T
12688 1 16.0 T
12693 1 16.0 A
12694 1 16.0 T
12695 1 14.0 A
12700 1 27.0 C
12726 1 16.0 C
12727 1 31.0 T
12729 1 27.0 A
12730 251 37.3 G
12736 270 36.9 G
12749 1 16.0 T
12750 1 16.0 C
12756 289 36.9 G
12763 288 36.7 G
12764 284 36.1 G
12767 300 36.8 G
12769 302 35.8 G
12771 297 36.3 G
12772 296 35.6 G
12773 294 36.3 G
12775 301 37.1 G
12778 299 37.1 G
12779 300 36.7 G
12795 275 36.5 G
12803 281 37.4 G
12806 286 36.9 G
12809 284 37.0 G
12812 1 16.0 A
12814 270 35.6 G
12816 1 34.0 C
12818 258 36.2 G
12820 253 36.2 G
12823 251 37.0 G
12826 247 36.2 G
12835 230 36.0 G
12838 230 36.2 G
12847 217 35.9 G
12863 203 36.1 G
12868 182 34.1 G
12869 182 35.5 G
12871 183 35.0 G
12877 167 34.8 G
12878 164 36.0 G
12889 162 35.8 G
12895 153 36.6 G
12899 152 36.5 G
12923 136 36.0 G
12925 139 35.7 G
12940 139 35.8 G
12952 148 36.5 G
12955 1 40.0 A
12962 139 36.5 G
12979 184 34.1 G
12980 184 34.7 G
12991 170 36.3 G
12994 169 36.6 G
12997 167 36.9 G
13000 167 37.1 G
13001 162 36.3 G
13009 174 37.6 G
13011 1 14.0 C
13018 172 36.5 G
13019 171 36.7 G
13031 155 34.7 G
13032 2 16.0 A
13042 146 35.5 G
13048 105 35.9 G
13051 100 34.7 G
13052 99 35.9 G
13063 93 35.0 G
13066 1 15.0 T
13069 84 34.2 G
13085 55 34.7 G
13093 48 35.5 G
13096 45 34.7 G
13099 45 35.6 G
13101 1 35.0 A
13102 39 35.8 G
13103 38 36.6 G
13106 1 16.0 T
13121 28 32.7 G
13124 1 13.0 T
13135 21 35.3 G
13138 20 36.8 G
13145 19 34.7 G
13172 15 32.9 G
13177 21 35.3 G
13178 21 31.1 G
13180 21 33.1 G
13194 26 36.4 G
13198 26 34.6 G
13201 27 35.9 G
13204 28 35.2 G
13208 25 33.3 G
13210 25 36.9 G
13225 33 36.9 G
13240 44 35.3 G
13243 46 36.1 G
13257 4 39.0 A
13259 92 36.9 G
13267 94 37.1 G
13268 94 35.9 G
13277 1 16.0 T
13279 104 37.0 G
13288 116 35.8 G
13289 116 35.6 G
13309 142 35.5 G
13317 145 36.0 G
13325 119 35.9 G
13333 124 35.2 G
13345 125 36.7 G
13359 120 37.1 G
13361 125 35.9 G
13366 135 36.2 G
13367 135 35.6 G
13368 142 35.2 G
13370 1 14.0 C
13393 155 37.2 G
13399 167 37.0 G
13406 166 37.7 G
13414 186 36.2 G
13415 184 37.1 G
13417 188 36.2 G
13418 190 35.8 G
13423 1 15.0 C
13428 1 16.0 A
13436 3 16.0 C
13438 2 15.5 C
13462 156 35.7 G
13463 154 35.5 G
13465 1 13.0 A
13466 149 36.2 G
13471 147 36.8 G
13477 138 37.0 G
13480 134 37.1 G
13481 133 36.6 G
13498 109 36.7 G
13499 115 37.3 G
13509 1 35.0 C
13513 97 36.7 G
13525 89 36.6 G
13531 89 36.9 G
13546 1 16.0 A
13552 83 36.0 G
13556 97 35.8 G
13558 100 35.3 G
13561 1 14.0 C
13579 103 35.7 G
13590 99 35.5 G
13595 103 33.8 G
13597 93 33.7 G
13604 86 36.6 G
13610 86 36.2 G
13633 100 36.3 G
13634 98 36.3 G
13643 102 36.0 G
13669 69 34.1 G
13703 61 32.7 G
13707 61 32.1 G
13708 62 33.3 G
13710 6 38.0 A
13711 61 32.7 G
13714 64 34.2 G
13715 65 35.3 G
13718 64 33.3 G
13726 60 34.9 G
13729 58 35.1 G
13730 63 33.6 G
13731 1 14.0 A
13733 1 16.0 T
13759 62 31.7 G
13763 1 15.0 C
13777 1 16.0 A
13780 47 28.4 A
13785 1 27.0 C
13787 1 13.0 T
13799 1 13.0 T
13804 45 31.0 G
13810 48 30.9 G
13813 51 31.8 G
13825 49 31.8 G
13826 48 32.7 G
13837 42 36.9 G
13843 42 35.4 G
13889 50 35.0 G
13915 55 36.3 G
13916 61 35.8 G
13927 1 16.0 A
13928 67 35.1 G
13940 74 36.5 G
13957 91 36.5 G
13958 91 37.2 G
13968 97 37.3 G
13970 97 36.4 G
13980 89 34.7 G
13996 82 36.5 G
14006 80 36.9 G
14011 92 36.5 G
14016 99 37.0 G
14040 118 37.1 G
14063 1 16.0 T
14080 131 36.6 G
14081 131 36.3 G
14090 1 16.0 A
14097 1 16.0 C
14111 1 16.0 T
14120 1 14.0 T
14154 1 14.0 T
14160 111 37.1 G
14162 108 36.1 G
14198 86 35.8 G
14207 105 36.2 G
14226 95 36.1 G
14243 111 34.7 G
14249 121 34.3 G
14258 127 35.2 G
14259 130 34.7 G
14268 143 35.2 G
14279 130 35.3 G
14287 1 16.0 T
14305 156 36.8 G
14315 1 15.0 C
14322 1 15.0 A
14323 203 36.0 G
14324 1 15.0 T
14326 1 16.0 T
14336 1 16.0 A
14354 1 27.0 T
14364 277 36.2 G
14381 1 14.0 A
14384 352 37.1 G
14399 1 16.0 A
14405 1 16.0 A
14410 389 36.0 G
14423 417 34.7 G
14426 1 15.0 C
14432 445 34.5 G
14436 1 40.0 C
14438 486 35.1 G
14439 485 35.9 G
14444 1 16.0 T
14453 527 35.4 G
14454 1 16.0 C
14459 561 36.1 G
14461 1 16.0 T
14462 575 35.6 G
14463 1 14.0 T
14465 586 36.7 G
14467 1 16.0 A
14475 1 15.0 A
14476 589 36.2 G
14482 1 40.0 C
14487 1 16.0 T
14490 2 15.5 C
14492 1 14.0 C
14500 1 16.0 A
14505 1 15.0 A
14524 2 39.0 A
14525 1 15.0 T
14526 1 16.0 A
14529 1 15.0 C
14534 1 14.0 C
14543 1 16.0 A
14544 639 36.9 G
14546 1 15.0 A
14555 2 14.5 C
14559 1 13.0 C
14560 556 35.9 G
14564 1 14.0 A
14569 523 36.4 G
14585 1 30.0 A
14593 2 39.5 A
14595 3 39.7 A
14600 362 36.8 G
14601 353 37.0 G
14603 343 34.9 G
14606 317 35.1 G
14607 306 36.3 G
14609 1 13.0 T
14612 266 36.9 G
14615 244 36.5 G
14652 1 14.0 A
14655 92 37.2 G
14663 66 35.8 G
14681 33 37.7 G
14685 32 37.5 G
14686 32 37.0 G
14698 20 36.9 G
14705 17 36.8 G
14710 13 36.0 G
14721 8 35.9 G
14724 7 38.1 G
14739 7 39.1 G
14749 43 37.1 G
14760 43 37.3 G
14804 43 36.7 G
14831 3 31.0 G
14835 3 29.7 G
14869 1 40.0 G
14888 4 39.7 G
14889 4 38.7 G
14900 8 37.9 G
14905 8 38.4 G
14918 8 35.7 G
14921 8 35.0 G
14930 11 37.5 G
14945 17 37.2 G
14958 22 35.2 G
14960 22 34.5 G
14963 22 35.0 G
14972 24 35.8 G
14973 23 34.8 G
14976 21 35.2 G
14985 26 36.0 G
14996 35 35.7 G
15002 41 34.8 G
15003 44 35.9 G
15005 50 34.9 G
15024 65 34.8 G
15041 69 36.4 G
15042 69 35.8 G
15045 82 35.8 G
15047 83 35.0 G
15048 83 34.6 G
15050 1 14.0 C
15051 1 14.0 T
15059 96 36.5 G
15060 96 36.3 G
15077 117 37.0 G
15084 126 37.2 G
15086 1 16.0 A
15092 129 35.5 G
15093 127 37.2 G
15102 1 39.0 T
15106 116 34.6 G
15110 117 37.4 G
15114 1 15.0 C
15117 1 15.0 T
15119 126 36.4 G
15125 127 36.1 G
15134 132 36.1 G
15135 132 35.7 G
15140 126 36.3 G
15148 123 37.8 G
15150 120 34.4 G
15152 127 35.8 G
15153 126 35.9 G
15157 1 16.0 A
15158 1 16.0 A
15159 1 15.0 T
15163 1 15.0 A
15168 129 36.4 G
15170 118 35.9 G
15171 122 35.3 G
15172 123 34.4 G
15173 124 34.6 G
15179 117 36.6 G
15188 1 16.0 A
15200 132 36.3 G
15203 1 14.0 A
15210 1 16.0 A
15215 150 35.0 G
15216 150 35.9 G
15217 152 35.8 G
15221 152 36.0 G
15222 1 14.0 A
15227 159 35.9 G
15234 168 36.1 G
15240 190 36.3 G
15242 190 35.8 G
15243 193 35.8 G
15245 193 35.1 G
15246 196 36.0 G
15249 2 25.0 A
15254 210 36.8 G
15257 219 36.4 G
15261 236 36.5 G
15265 1 15.0 C
15266 1 13.0 A
15276 235 36.2 G
15281 1 14.0 T
15284 1 16.0 A
15293 1 16.0 T
15300 2 16.0 T
15301 258 35.1 G
15304 1 14.0 C
15314 260 34.1 G
15317 259 35.7 G
15323 258 36.0 G
15326 235 36.8 A
15333 1 15.0 A
15335 1 15.0 C
15346 277 35.9 G
15350 275 37.0 G
15353 1 27.0 A
15355 313 36.6 G
15356 314 36.1 G
15357 307 36.6 G
15358 1 14.0 A
15374 384 36.4 G
15375 380 36.2 G
15377 1 16.0 A
15387 1 14.0 A
15392 495 36.9 G
15394 1 14.0 T
15396 1 15.0 A
15399 1 16.0 T
15403 2 15.0 C
15407 1 16.0 C
15416 1 24.0 T
15425 1 16.0 A
15426 1 16.0 A
15428 686 36.4 G
15431 727 35.6 G
15433 1 14.0 C
15437 818 35.4 G
15438 823 35.9 G
15445 3 16.0 T
15447 2 20.0 T
15450 1 37.0 T
15456 1 14.0 T
15463 1 40.0 A
15464 1 27.0 A
15466 1145 36.3 G
15469 2 21.0 A
15475 1 15.0 A
15488 1503 36.1 G
15490 1 16.0 C
15493 1 16.0 C
15497 1721 35.8 G
15498 1734 35.6 G
15500 1808 35.1 G
15504 1 14.0 C
15506 1948 36.8 G
15507 2 25.0 A
15510 1 16.0 A
15511 1 16.0 T
15513 1 16.0 A
15519 2 23.0 T
15520 2 16.0 A
15521 2278 36.2 G
15522 1 16.0 C
15526 1 16.0 C
15530 1 14.0 T
15531 1 15.0 T
15534 2 21.5 A
15535 2 16.0 C
15536 2 38.0 A
15539 1 39.0 C
15541 1 13.0 T
15543 1 14.0 C
15544 1 15.0 C
15546 1 14.0 A
15547 1 14.0 C
15548 1 14.0 A
15551 3 23.0 A
15552 2 16.0 A
15553 2966 35.9 G
15555 1 15.0 C
15556 1 14.0 C
15557 3212 36.4 G
15558 3 22.3 A
15559 2 14.0 A
15560 2 13.0 T
15561 3350 36.6 G
15562 2 25.0 A
15564 1 16.0 A
15565 1 27.0 T
15566 2 21.5 T
15567 1 16.0 T
15568 2 25.0 C
15569 1 16.0 C
15571 1 15.0 A
15572 1 27.0 T
15575 3719 35.9 G
15577 1 14.0 C
15578 2 13.5 T
15580 1 16.0 C
15583 1 15.0 A
15584 2 16.0 A
15585 1 27.0 T
15588 2 15.5 T
15590 1 28.0 C
15591 4201 36.5 G
15592 1 13.0 A
15593 1 13.0 T
15594 1 14.0 C
15596 4357 36.7 G
15600 1 36.0 C
15601 1 14.0 T
15602 1 16.0 A
15605 3 15.0 A
15606 1 27.0 A
15607 65 37.4 A
15610 1 16.0 A
15611 4609 36.6 G
15612 4605 36.4 G
15613 4 34.7 A
15614 4638 35.9 G
15615 4629 36.4 G
15617 4768 36.4 G
15618 1 27.0 T
15620 1 14.0 C
15621 2 13.5 T
15622 1 15.0 T
15623 4964 35.7 G
15625 2 27.0 C
15626 3 21.0 C
15627 1 15.0 T
15629 4 18.7 T
15630 1 16.0 T
15631 2 28.0 A
15633 1 16.0 T
15634 5 19.2 A
15636 3 36.7 C
15637 1 15.0 C
15638 7 18.3 A
15639 4 18.7 T
15642 5 16.6 T
15643 2 15.5 C
15644 5 20.0 A
15646 1 16.0 C
15648 2 15.0 T
15650 5313 37.1 G
15651 3 16.0 C
15652 4 13.7 A
15653 4 15.7 A
15654 2 26.5 T
15655 1 27.0 A
15656 1 16.0 A
15659 2 27.0 C
15660 3 18.7 C
15661 1 15.0 C
15662 2 20.5 A
15663 1 24.0 T
15665 1 14.0 C
15666 4 17.7 T
15667 1 16.0 C
15668 1 15.0 C
15669 2 25.0 A
15671 2 21.5 A
15672 3 16.0 T
15673 3 19.7 A
15675 2 16.0 C
15676 5 22.8 C
15677 3 31.3 A
15678 2 16.0 A
15679 2 16.0 A
15680 1 27.0 C
15681 4 30.2 A
15682 1 15.0 A
15683 3 15.3 C
15684 1 35.0 A
15685 1 16.0 A
15686 3 22.7 A
15687 4868 36.6 G
15689 1 35.0 A
15692 1 16.0 A
15694 2 21.5 A
15695 1 15.0 T
15698 1 16.0 C
15699 4500 36.0 G
15700 1 13.0 C
15702 1 14.0 C
15703 4 19.7 A
15707 3 24.0 A
15708 4333 36.3 G
15710 1 13.0 C
15711 4 13.7 A
15712 2 21.5 A
15713 1 16.0 T
15715 5 17.8 A
15717 2 15.0 T
15720 1 16.0 A
15721 1 16.0 T
15723 3715 35.5 G
15724 2 27.5 A
15725 5 18.0 C
15727 3 30.7 C
15729 1 15.0 T
15730 1 39.0 A
15731 3391 36.4 G
15733 3 24.7 C
15734 3327 36.3 G
15736 2 27.0 A
15737 3234 35.4 G
15738 2 20.0 A
15744 1 14.0 T
15745 3 23.3 C
15746 1 28.0 A
15749 1 16.0 C
15750 3 14.7 T
15751 1 39.0 A
15753 1 16.0 C
15754 3 22.7 C
15755 2 37.0 T
15756 2440 36.6 G
15759 1 13.0 T
15761 2301 36.7 G
15762 2271 37.0 G
15763 1 14.0 A
15764 2199 35.3 G
15765 2183 35.9 G
15766 1 34.0 A
15768 1 14.0 A
15769 2 39.5 A
15770 1 13.0 C
15773 1836 36.9 G
15774 1 16.0 T
15776 1 16.0 A
15777 1710 36.4 G
15779 3 18.3 T
15783 1 39.0 C
15784 2 14.5 T
15785 1 16.0 T
15786 1 15.0 T
15793 1 27.0 C
15797 1055 35.4 G
15798 1030 36.2 G
15801 1 13.0 A
15802 1 14.0 A
15803 869 36.4 G
15806 791 36.5 G
15808 1 14.0 A
15811 2 15.0 C
15812 670 37.1 G
15813 1 13.0 T
15818 1 16.0 T
15825 1 16.0 C
15863 162 36.0 G
15882 80 36.0 G
15883 79 35.4 G
15884 77 34.1 G
15888 46 36.7 G
15894 43 36.8 G
15897 43 38.1 G
15915 32 38.1 G
15920 28 37.2 G
15924 27 37.9 A
15927 27 38.5 G
15928 28 38.1 G
15930 28 36.0 G
15933 29 37.8 G
15948 1 16.0 A
15949 19 38.4 G
15950 19 38.7 G
15959 18 38.8 G
15961 17 38.6 G
15967 16 37.7 G
15986 6 38.7 G
15995 4 39.0 G
16000 4 36.7 G
16023 3 37.0 G
16033 1 30.0 G
16034 1 30.0 G
16035 1 38.0 G
16036 1 35.0 G
16039 1 39.0 G
16042 1 38.0 G
16047 1 35.0 G
16048 1 38.0 G
16049 1 36.0 G
16336 2 40.0 G
16346 2 39.0 G
16361 6 31.3 G
16369 22 37.0 G
16370 22 37.1 G
16373 22 38.0 G
16384 25 37.8 G
16388 25 38.5 G
16389 25 37.2 G
16390 25 38.2 G
16391 14 38.4 G
16398 25 37.7 G
16412 28 37.1 G
16414 28 35.9 G
16423 1 31.0 A
16428 33 36.6 G
16434 36 36.8 G
16436 36 35.7 G
16438 22 36.2 G
16450 22 36.5 G
16455 21 33.9 G
16456 21 37.6 G
16457 21 37.7 G
16467 1 16.0 C
16470 29 35.3 G
16471 29 36.7 G
16472 29 36.3 G
16473 29 35.7 G
16474 29 37.1 G
16477 30 36.6 G
16483 27 36.2 G
16485 30 36.1 G
16490 31 36.5 G
16496 33 35.8 G
16503 40 35.8 G
16504 40 36.0 G
16516 38 34.6 G
16517 38 35.2 G
16518 34 36.5 G
16526 31 36.7 G
16535 29 37.3 G
16543 27 37.4 G
16558 24 37.0 G
16566 18 38.4 G
16569 16 38.0 G
