1 11 36.7 G
8 15 32.5 G
9 15 31.7 G
19 1 15.0 C
34 29 35.8 G
35 32 34.8 G
36 32 36.7 G
38 32 37.1 G
46 2 16.0 T
47 39 35.3 G
53 44 34.8 G
54 44 36.7 G
59 1 13.0 T
62 47 35.5 G
66 46 35.2 G
67 48 35.7 G
68 48 34.8 G
69 48 35.4 G
70 48 35.4 G
71 52 34.9 G
72 1 31.0 T
75 52 37.2 G
79 54 35.6 G
81 56 38.3 G
83 1 15.0 T
85 59 37.9 G
90 59 37.1 G
92 58 38.2 G
94 58 37.1 G
97 51 37.9 G
99 1 16.0 T
100 52 36.4 G
101 50 36.9 G
103 47 38.3 G
106 47 37.4 G
107 48 37.6 G
109 50 37.3 G
117 1 14.0 T
118 48 36.9 G
121 48 37.4 G
124 47 38.5 G
130 49 37.3 G
136 47 37.0 G
143 46 36.7 G
152 1 24.0 T
163 37 37.4 G
171 37 37.1 G
184 49 36.4 G
185 49 36.2 G
187 49 37.6 G
203 65 36.8 G
205 63 36.4 G
207 63 37.8 G
221 68 36.6 G
225 70 37.8 G
228 74 37.6 G
229 74 36.4 G
247 86 36.2 G
251 86 36.8 G
255 86 36.6 G
260 86 36.3 G
263 83 35.7 A
275 76 34.6 G
301 1 16.0 A
316 17 35.2 G
322 24 34.6 G
323 26 36.2 G
329 34 36.3 G
336 1 16.0 A
342 1 16.0 T
347 173 36.3 G
352 1 14.0 A
355 1 15.0 C
358 1 14.0 A
359 1 16.0 A
366 180 36.6 G
374 1 39.0 A
380 184 36.4 G
389 191 36.6 G
409 67 34.3 G
410 66 34.6 G
412 66 35.9 G
413 63 36.7 G
417 56 34.5 G
429 46 36.8 G
454 1 13.0 T
499 6 17.7 G
513 5 25.4 G
526 4 29.0 G
529 3 21.7 G
545 3 13.3 G
652 34 37.0 G
653 34 36.8 G
657 53 36.1 G
658 53 34.8 G
664 53 36.1 G
676 53 35.8 G
683 53 36.2 G
687 53 34.5 G
697 53 34.3 G
701 52 35.8 G
709 53 34.9 G
715 53 36.0 G
717 20 34.3 G
719 19 34.4 G
740 21 39.5 G
748 21 37.6 G
749 21 39.0 G
750 21 38.2 A
755 21 38.6 G
762 21 37.8 G
766 21 36.8 G
769 21 35.4 G
774 21 38.4 G
777 21 36.7 G
786 21 36.2 G
791 21 38.0 G
796 23 35.1 G
809 8 36.1 G
810 11 36.5 G
811 11 36.5 G
817 11 38.5 G
820 11 39.5 G
822 11 39.6 G
834 14 37.5 G
843 19 38.0 G
846 1 27.0 A
847 20 37.4 G
857 31 38.2 G
872 37 37.6 G
873 41 35.8 G
874 41 36.4 G
877 46 35.6 G
878 46 37.2 G
887 57 37.6 G
889 57 36.2 G
893 57 36.6 G
899 69 36.2 G
901 71 35.8 G
902 69 36.7 G
909 70 38.1 G
920 114 37.6 G
927 127 36.5 G
930 126 36.6 G
933 128 37.2 G
934 128 37.5 G
936 133 37.3 G
941 135 36.6 G
943 164 37.7 G
945 173 37.7 G
951 176 37.1 G
971 1 16.0 A
972 214 36.6 G
975 1 31.0 A
977 1 39.0 A
986 213 37.0 G
988 190 37.0 G
991 193 36.8 G
996 1 16.0 A
997 1 16.0 A
1004 247 37.7 G
1007 256 36.7 G
1018 230 37.3 G
1024 221 37.5 G
1026 1 35.0 A
1028 218 35.8 G
1030 219 35.7 G
1031 218 36.5 G
1043 1 16.0 C
1045 208 36.8 G
1057 199 35.9 G
1062 202 35.4 G
1072 130 36.7 G
1073 133 35.8 G
1074 133 36.6 G
1079 133 36.6 G
1092 117 36.6 G
1097 108 36.6 G
1109 1 38.0 A
1113 85 37.5 G
1124 1 15.0 A
1125 1 16.0 A
1130 78 36.4 G
1134 79 36.5 G
1138 72 36.9 G
1147 62 36.7 G
1149 60 34.9 G
1152 1 13.0 A
1155 58 35.4 G
1160 1 16.0 A
1169 36 36.4 G
1170 38 36.0 G
1175 50 33.8 G
1176 50 35.1 G
1178 47 34.8 G
1179 51 35.0 G
1181 48 34.0 G
1195 1 14.0 T
1197 94 35.3 G
1199 99 35.6 G
1200 104 35.0 G
1202 123 34.6 G
1206 140 36.6 G
1211 155 36.4 G
1217 172 36.6 G
1227 214 35.5 G
1237 1 15.0 A
1238 1 16.0 C
1247 312 35.5 G
1252 327 36.1 G
1259 1 16.0 T
1263 394 35.7 G
1265 1 27.0 C
1273 440 36.6 G
1282 504 36.7 G
1285 521 36.0 G
1288 528 34.6 G
1289 527 35.3 G
1295 1 27.0 A
1297 535 36.5 G
1301 528 36.2 G
1303 538 35.8 G
1306 3 39.7 A
1307 556 36.0 G
1315 597 36.6 G
1316 1 14.0 T
1318 1 16.0 A
1320 612 36.4 G
1323 626 37.0 G
1326 2 28.0 A
1327 624 36.7 G
1328 627 36.6 G
1333 615 37.4 G
1334 617 36.9 G
1336 626 35.9 G
1339 629 36.7 G
1341 1 13.0 C
1343 1 14.0 A
1345 626 36.5 G
1346 1 39.0 A
1347 638 36.8 G
1348 640 36.8 G
1350 627 36.5 G
1351 631 37.0 G
1353 2 14.0 A
1355 628 36.4 G
1356 1 16.0 A
1357 2 16.0 A
1358 1 16.0 A
1359 1 13.0 T
1360 624 36.4 G
1361 615 36.5 G
1362 619 36.2 G
1380 557 36.7 G
1381 1 16.0 A
1382 2 25.5 A
1387 1 16.0 A
1389 541 37.2 G
1393 533 36.4 G
1398 1 16.0 T
1401 512 36.9 G
1410 443 36.7 G
1411 433 36.5 G
1412 430 37.1 G
1415 372 37.0 G
1418 330 36.7 G
1419 357 36.8 G
1421 344 36.9 G
1422 341 37.2 G
1424 1 16.0 T
1428 313 37.7 G
1431 303 37.8 G
1438 238 37.4 A
1439 1 38.0 A
1440 244 36.0 G
1442 247 36.9 G
1445 241 36.6 G
1447 231 35.8 G
1449 220 36.8 G
1454 189 36.7 G
1457 172 36.0 G
1458 1 16.0 A
1462 158 36.8 G
1463 155 35.5 G
1464 152 35.4 G
1469 148 37.7 G
1472 147 35.8 G
1474 133 36.0 G
1476 122 37.1 G
1485 82 34.7 G
1489 62 37.6 G
1503 34 37.2 G
1515 36 37.5 G
1516 36 38.3 G
1538 24 38.6 G
1549 19 36.1 G
1551 18 37.2 G
1552 18 34.8 G
1554 17 37.2 G
1559 15 37.0 G
1562 15 35.3 G
1569 10 36.4 G
1570 10 37.8 G
1574 8 37.2 G
1576 8 33.9 G
1581 7 36.4 G
1582 6 35.7 G
1586 6 38.8 G
1588 5 33.6 G
1594 3 35.3 G
1595 2 39.5 G
1598 2 25.5 G
1604 9 38.9 G
1606 9 38.4 G
1608 9 39.0 G
1611 9 38.7 G
1623 9 38.7 G
1641 9 37.2 G
1642 9 39.1 G
1644 9 36.8 G
1660 9 36.4 G
1664 9 36.3 G
1669 8 26.9 G
1671 205 38.0 G
1681 205 37.9 G
1682 1 16.0 C
1691 1 14.0 C
1709 207 37.0 G
1719 206 36.6 G
1742 14 36.3 G
1747 14 38.0 G
1748 14 37.5 G
1750 15 37.3 G
1754 15 38.3 G
1760 12 36.2 G
1767 13 37.2 G
1768 13 34.2 G
1770 15 36.3 G
1776 26 36.8 G
1782 24 37.8 G
1787 25 37.8 G
1791 26 35.8 G
1792 34 36.8 G
1793 36 36.5 G
1794 1 27.0 A
1796 1 15.0 A
1797 36 35.7 G
1800 36 36.7 G
1803 1 34.0 A
1816 55 37.2 G
1826 64 36.2 G
1830 66 36.5 G
1831 67 35.5 G
1851 83 36.3 G
1858 96 36.4 G
1862 1 15.0 T
1868 112 37.7 G
1879 113 37.2 G
1883 135 36.9 G
1884 135 36.3 G
1886 137 36.8 G
1888 137 36.8 G
1894 135 37.4 G
1899 149 36.3 G
1903 1 14.0 C
1906 145 37.0 G
1913 154 37.1 G
1916 157 36.3 G
1918 155 36.4 G
1927 167 37.0 G
1932 178 37.4 G
1938 1 39.0 A
1939 200 36.6 G
1941 193 36.7 G
1949 195 37.1 G
1955 200 37.3 G
1958 207 37.7 G
1962 1 13.0 A
1966 230 37.3 G
1968 232 37.0 G
1969 235 37.2 G
1970 240 37.5 G
1973 245 37.7 G
1981 253 37.6 G
1982 256 37.4 G
1985 264 36.9 G
1987 290 37.2 G
1988 286 37.3 G
1990 293 37.6 G
2002 297 37.8 G
2004 295 37.2 G
2008 297 37.7 G
2009 297 38.1 G
2011 295 37.6 G
2015 303 37.5 G
2018 305 35.9 G
2019 305 36.7 G
2022 307 37.3 G
2028 316 37.2 G
2029 1 16.0 A
2032 342 36.4 G
2038 1 16.0 T
2040 348 37.5 G
2056 347 37.0 G
2059 1 13.0 C
2063 349 37.0 G
2074 1 16.0 A
2082 361 36.9 G
2094 376 36.8 G
2098 379 36.4 G
2104 1 16.0 A
2105 373 36.9 G
2107 380 36.9 G
2108 381 36.7 G
2112 1 15.0 A
2113 382 37.4 G
2120 390 36.7 G
2121 395 37.0 G
2128 409 37.6 G
2129 413 37.3 G
2140 445 36.8 G
2143 460 37.0 G
2145 464 36.6 G
2147 469 36.8 G
2149 461 37.3 G
2150 1 15.0 T
2151 1 16.0 A
2170 489 36.7 G
2173 497 36.0 G
2174 493 35.9 G
2181 1 16.0 A
2182 495 36.4 G
2185 490 37.3 G
2190 1 14.0 C
2195 1 14.0 A
2196 2 16.0 A
2197 518 36.7 G
2200 1 16.0 A
2201 509 36.6 G
2203 506 37.7 G
2205 1 15.0 T
2208 1 16.0 A
2209 513 36.8 G
2211 1 15.0 T
2213 1 36.0 A
2229 1 16.0 A
2249 413 36.8 G
2251 1 16.0 A
2263 1 13.0 C
2268 405 35.8 G
2269 403 36.1 G
2275 2 14.5 T
2277 1 27.0 T
2280 1 14.0 C
2289 382 37.1 G
2292 382 36.7 G
2296 1 15.0 T
2300 376 37.5 G
2304 362 37.8 G
2310 365 37.4 G
2317 365 37.8 G
2328 2 16.0 C
2333 357 37.0 G
2337 1 15.0 A
2338 1 27.0 A
2339 366 36.0 G
2343 371 35.9 G
2345 380 36.6 G
2348 1 14.0 A
2349 386 37.3 G
2350 1 16.0 A
2361 344 36.3 G
2365 1 16.0 T
2366 329 37.3 G
2377 303 37.3 G
2403 236 36.9 G
2413 1 16.0 C
2421 213 36.2 G
2435 192 35.1 G
2436 188 34.1 G
2440 175 34.1 G
2444 1 15.0 A
2448 141 36.5 G
2449 140 36.4 G
2453 143 37.2 G
2454 141 36.8 G
2464 129 38.0 G
2470 129 36.4 G
2471 129 36.0 G
2477 123 37.1 G
2478 123 36.5 G
2481 1 27.0 A
2492 120 35.5 G
2496 118 37.3 G
2519 93 37.0 G
2528 88 37.4 G
2534 88 37.4 G
2536 85 36.2 G
2537 85 34.9 G
2542 86 35.5 G
2546 81 36.0 G
2551 76 37.5 G
2553 76 37.1 G
2560 98 36.9 G
2567 99 35.6 G
2568 101 35.2 G
2571 105 34.6 G
2573 109 35.8 G
2574 111 35.3 G
2585 104 36.1 G
2587 100 35.5 G
2592 103 36.6 G
2593 104 36.6 G
2596 109 36.8 G
2608 124 36.6 G
2617 27 38.3 A
2620 124 37.2 G
2621 124 36.4 G
2622 124 36.8 G
2627 130 35.6 G
2631 109 37.2 G
2635 109 36.6 G
2636 111 35.9 G
2643 116 36.8 G
2645 124 35.6 G
2646 122 36.1 G
2647 123 36.2 G
2648 1 14.0 T
2651 1 14.0 A
2652 138 37.1 G
2655 147 37.3 G
2673 161 37.7 G
2675 161 37.0 G
2681 166 36.5 G
2686 166 35.8 G
2690 172 37.3 G
2692 168 36.5 G
2695 170 35.7 G
2697 177 35.9 G
2698 177 36.8 G
2700 181 36.0 G
2701 185 36.4 G
2702 187 34.5 G
2703 1 13.0 C
2704 1 14.0 A
2712 199 34.9 G
2714 2 14.0 A
2716 208 34.6 G
2719 212 35.5 G
2720 3 18.0 A
2721 220 33.7 G
2722 2 23.5 A
2724 215 34.2 G
2730 1 16.0 A
2732 240 34.1 G
2733 239 35.6 G
2734 4 14.5 A
2735 243 34.6 G
2751 299 34.9 G
2757 1 39.0 A
2758 331 36.8 G
2776 395 35.8 G
2777 394 36.7 G
2787 1 15.0 A
2796 498 36.7 G
2800 1 16.0 T
2810 576 35.7 G
2811 578 35.7 G
2813 1 15.0 T
2814 594 35.9 G
2815 599 36.0 G
2816 600 35.8 G
2817 600 36.1 G
2819 628 35.8 G
2825 714 36.7 G
2826 720 36.9 G
2827 1 14.0 A
2828 730 35.8 G
2830 2 26.5 A
2831 741 36.9 G
2832 2 39.5 A
2833 14 34.9 A
2835 2 21.0 C
2838 1 38.0 A
2841 1 35.0 T
2843 1 34.0 C
2844 758 37.0 G
2846 770 35.9 G
2848 3 20.7 A
2849 796 37.0 G
2852 1 15.0 C
2853 1 15.0 A
2855 844 36.0 G
2860 850 36.7 G
2863 2 15.0 T
2867 1 16.0 C
2869 1 15.0 A
2870 911 37.6 G
2874 1 36.0 A
2876 956 36.7 G
2878 1007 37.1 G
2887 1 16.0 T
2893 2 16.0 A
2896 1048 37.0 G
2898 1 16.0 T
2904 1 16.0 A
2907 1 15.0 T
2909 1112 35.6 G
2910 1 16.0 A
2912 1 15.0 C
2916 1197 36.7 G
2917 1185 36.3 G
2918 1 27.0 A
2921 1 35.0 A
2922 1 16.0 A
2923 1166 37.1 G
2924 1 27.0 T
2932 1246 37.0 G
2933 1258 36.7 G
2934 1290 36.9 G
2935 2 13.0 A
2937 2 15.0 A
2940 1 39.0 A
2941 1360 36.9 G
2943 1390 36.1 G
2946 2 22.0 A
2949 1 16.0 C
2950 1 27.0 T
2952 1 16.0 T
2955 2 15.0 T
2957 1408 35.3 G
2959 1407 36.6 G
2962 1 39.0 C
2963 1 15.0 A
2968 1 16.0 A
2969 2 16.0 A
2971 2 15.0 A
2972 1 16.0 A
2975 1429 36.7 G
2976 1393 36.4 G
2977 1392 36.6 G
2979 1 14.0 T
2980 1 13.0 T
2981 1 15.0 A
2983 1443 36.9 G
2987 1 13.0 T
2989 1487 36.9 G
2992 1495 36.9 G
2993 2 25.5 T
2995 1480 36.3 G
2996 1488 36.7 G
2997 1 14.0 A
3001 1443 36.8 G
3002 1435 36.7 G
3003 2 14.5 A
3005 1 14.0 A
3007 2 15.5 C
3008 1 15.0 C
3009 2 37.5 C
3010 1392 36.8 G
3011 1 34.0 A
3013 1378 35.8 G
3014 1351 36.5 G
3016 1349 35.8 G
3019 1344 36.8 G
3022 1330 36.8 G
3026 2 13.0 T
3028 1 16.0 A
3031 1261 36.7 G
3032 1240 36.8 G
3035 1 16.0 C
3036 1138 37.7 G
3040 1109 37.4 G
3041 2 14.5 T
3047 1037 37.4 G
3052 1 38.0 A
3054 944 36.9 G
3058 1 14.0 T
3059 1 16.0 A
3061 865 37.7 G
3063 835 35.8 G
3068 792 36.6 G
3070 774 36.8 G
3074 1 16.0 A
3075 737 36.6 G
3079 678 37.1 G
3080 670 37.0 G
3082 626 36.1 G
3090 506 37.0 G
3091 506 37.7 G
3094 474 37.3 G
3095 461 37.4 G
3101 1 38.0 A
3102 1 16.0 T
3111 2 39.0 A
3118 1 16.0 T
3121 1 13.0 C
3123 215 36.9 G
3127 187 38.1 G
3131 173 35.0 G
3132 161 36.6 G
3137 142 36.7 G
3139 128 36.6 G
3146 110 35.9 G
3147 109 35.8 G
3160 1 16.0 A
3161 65 34.3 G
3163 63 35.0 G
3173 42 36.0 G
3179 31 32.4 G
3196 15 33.1 G
3219 6 33.2 G
3224 5 30.6 G
3225 5 37.4 G
3226 3 35.0 G
3230 4 30.2 G
3235 3 39.7 G
3238 3 39.3 G
3239 3 39.3 G
3242 3 40.0 G
3244 3 39.0 G
3248 3 36.0 G
3249 3 37.3 G
3255 3 37.7 G
3277 5 38.2 G
3281 5 37.4 G
3283 5 38.2 G
3284 5 36.8 G
3309 1 16.0 A
3315 8 35.0 G
3316 8 36.0 G
3337 8 36.7 G
3352 9 33.0 G
3357 13 35.8 G
3358 13 36.3 G
3369 13 34.9 G
3376 9 37.8 G
3380 30 36.8 G
3391 34 38.1 G
3392 34 37.2 G
3400 1 16.0 C
3407 35 36.9 G
3412 36 35.5 G
3413 36 34.6 G
3421 40 36.7 G
3424 40 35.1 G
3427 43 35.2 G
3428 43 33.9 G
3436 43 35.6 G
3437 43 33.8 G
3438 43 34.4 G
3454 27 36.8 G
3457 34 34.9 G
3460 35 37.0 G
3481 35 37.1 G
3483 36 36.5 G
3496 38 36.8 G
3504 1 31.0 T
3526 36 34.3 G
3531 37 33.5 G
3538 46 34.3 G
3550 48 34.5 G
3553 1 15.0 C
3563 42 35.3 G
3591 85 34.3 G
3592 85 35.1 G
3607 111 34.9 G
3608 112 35.3 G
3625 120 34.5 G
3635 124 35.5 G
3640 120 36.1 G
3643 120 37.1 G
3659 103 36.5 G
3664 104 36.8 G
3665 111 35.6 G
3666 111 35.9 G
3668 113 36.5 G
3670 112 36.7 G
3688 99 36.2 G
3693 107 35.1 G
3697 107 35.0 G
3698 106 34.7 G
3700 108 34.3 G
3705 109 35.4 G
3707 120 36.3 G
3708 1 13.0 A
3709 132 35.4 G
3712 140 36.5 G
3715 150 35.3 G
3733 164 36.0 G
3736 163 36.0 G
3745 173 36.2 G
3762 1 15.0 A
3764 1 27.0 C
3766 1 16.0 T
3776 293 36.5 G
3778 301 35.4 G
3779 304 35.7 G
3781 1 14.0 T
3801 1 27.0 T
3804 1 40.0 C
3807 1 15.0 A
3808 1 16.0 A
3813 1 16.0 A
3814 441 35.8 G
3818 1 15.0 A
3824 524 36.4 G
3831 1 16.0 C
3834 619 36.1 G
3837 1 40.0 A
3842 784 35.1 G
3845 1 15.0 C
3849 839 35.3 G
3850 859 35.8 G
3858 1 40.0 A
3859 1 16.0 T
3860 1009 37.0 G
3861 1 31.0 A
3862 1 16.0 T
3863 1 16.0 T
3874 1 16.0 C
3877 1263 36.3 G
3879 2 27.0 A
3880 1405 36.3 G
3882 1418 36.1 G
3890 1602 36.2 G
3891 2 13.5 A
3892 1 14.0 A
3894 1 27.0 C
3895 2 24.5 C
3898 1 13.0 T
3901 1770 36.3 G
3907 1889 35.9 G
3910 1963 36.5 G
3912 2 25.0 A
3913 1932 34.4 G
3914 1927 34.9 G
3915 2 21.0 G
3916 2023 35.9 G
3917 1 15.0 A
3918 2035 35.9 G
3919 1 14.0 T
3922 2101 36.8 G
3923 3 27.3 A
3924 1 38.0 A
3928 2110 36.3 G
3929 1 16.0 T
3930 1 16.0 C
3933 9 33.0 A
3934 2161 36.3 G
3935 2148 36.3 G
3937 2 13.0 T
3938 1 16.0 T
3943 2 24.0 A
3946 2253 35.4 G
3948 1 16.0 A
3951 1 27.0 C
3952 2212 36.7 G
3955 2287 35.6 G
3957 1 14.0 A
3958 2398 35.0 G
3959 2404 35.0 G
3961 1 14.0 C
3962 1 14.0 C
3963 1 15.0 C
3965 1 16.0 T
3967 2491 35.8 G
3970 1 13.0 C
3972 1 16.0 A
3973 2 14.5 T
3975 1 16.0 C
3976 1 16.0 T
3977 1 15.0 T
3978 1 16.0 C
3979 1 15.0 A
3980 1 16.0 T
3982 2602 36.0 G
3983 1 16.0 C
3985 2603 36.2 G
3986 1 13.0 A
3987 1 14.0 A
3988 3 13.7 T
3989 1 16.0 A
3991 3 15.3 A
3993 2 15.0 A
3995 2 35.5 A
3997 3 21.7 A
3999 1 16.0 T
4001 2 14.0 T
4002 1 16.0 T
4003 1 38.0 A
4005 1 15.0 A
4006 1 15.0 A
4008 2 27.0 A
4009 1 16.0 A
4010 1 15.0 A
4012 1 15.0 A
4013 1 16.0 C
4014 4 27.5 C
4015 1 14.0 C
4018 2 25.0 A
4019 3 29.3 C
4020 1 16.0 C
4022 2 32.0 C
4024 2 16.0 A
4025 1 16.0 C
4027 2 16.0 A
4034 1 15.0 T
4035 2 16.0 A
4036 3020 36.9 G
4037 3016 36.8 G
4038 1 16.0 A
4042 1 16.0 A
4045 1 34.0 T
4048 2991 36.7 G
4049 1 16.0 A
4050 1 27.0 C
4051 2912 36.4 G
4053 3 27.3 A
4055 3 14.0 T
4056 1 16.0 C
4057 3 15.0 T
4058 1 15.0 C
4061 2 33.0 C
4063 2678 36.7 G
4064 1 16.0 A
4066 1 15.0 C
4067 1 16.0 T
4071 1 15.0 C
4072 1 16.0 A
4074 1 28.0 A
4077 1 14.0 A
4084 2260 36.4 G
4086 1 16.0 C
4087 6 39.5 A
4090 1 40.0 A
4091 2 27.5 A
4092 2091 36.1 G
4093 1 16.0 A
4095 1 15.0 C
4096 1 34.0 C
4097 2 39.5 T
4098 1 16.0 A
4099 1 16.0 C
4101 1 16.0 T
4102 1 40.0 C
4103 2 14.5 T
4105 1 16.0 A
4113 1626 37.2 G
4117 1 15.0 T
4119 1 31.0 A
4121 1370 36.7 G
4123 1 16.0 A
4127 1240 37.2 G
4131 1 13.0 A
4132 1116 37.2 G
4142 911 36.7 G
4143 1 14.0 A
4148 812 36.5 G
4153 708 36.7 G
4157 1 13.0 A
4159 3 16.0 C
4173 1 15.0 A
4174 1 27.0 T
4175 390 36.3 G
4184 1 15.0 T
4191 1 13.0 A
4201 121 35.1 G
4214 68 36.0 G
4219 56 35.2 G
4244 23 35.4 G
4403 6 38.8 G
4407 6 38.8 G
4408 6 39.2 G
4412 6 39.5 G
4421 6 39.7 G
4427 6 38.8 G
4428 6 37.8 G
4429 6 38.2 G
4440 6 38.0 G
4446 6 37.8 G
4449 6 39.2 G
4450 6 34.5 G
4464 6 36.7 G
4481 10 33.6 G
4482 10 31.6 G
4491 10 36.1 G
4512 10 31.9 G
4515 10 32.6 G
4516 9 32.3 G
4530 10 31.4 G
4532 10 31.4 G
4537 4 30.5 G
4621 3 38.3 G
4629 3 39.7 G
4632 3 37.7 G
4635 3 39.7 G
4643 3 39.3 G
4655 10 36.7 G
4659 14 34.5 G
4665 17 37.8 G
4686 19 37.7 G
4713 18 37.2 G
4714 18 37.3 G
4720 19 36.3 G
4727 19 38.0 A
4745 2 38.0 A
4769 6 37.0 A
4770 6 35.3 G
4776 9 37.8 G
4788 19 37.8 G
4789 19 37.8 G
4794 19 38.1 G
4810 35 35.6 G
4812 35 35.7 G
4818 33 37.6 G
4820 36 36.8 G
4821 36 37.8 G
4830 38 35.5 G
4831 38 35.9 G
4841 50 36.9 G
4847 1 15.0 C
4848 60 37.0 G
4849 60 33.3 G
4853 61 37.2 G
4861 1 16.0 T
4867 67 36.5 G
4878 66 35.3 G
4920 77 36.6 G
4924 76 36.6 G
4929 1 16.0 C
4959 116 37.2 G
4962 120 37.1 G
4963 121 37.0 G
4966 133 37.6 G
4969 141 37.2 G
4971 141 37.1 G
4972 139 37.5 G
4974 145 36.9 G
4975 148 37.5 G
4987 1 27.0 C
4991 175 37.1 G
4996 199 37.2 G
5007 255 36.8 G
5013 1 16.0 T
5026 1 15.0 A
5031 318 36.4 G
5032 323 36.7 G
5035 319 37.0 G
5043 394 36.3 G
5046 390 36.6 G
5047 1 27.0 T
5054 470 36.5 G
5063 1 13.0 T
5079 1 16.0 A
5082 1 16.0 T
5085 1 27.0 A
5087 1 15.0 T
5088 1 16.0 A
5092 1 16.0 A
5107 1 16.0 C
5110 2 27.0 C
5111 2 14.5 C
5112 1226 36.1 G
5116 3 15.0 T
5118 1 16.0 C
5124 1 16.0 C
5127 2 15.0 A
5128 1 40.0 A
5130 3 29.0 T
5131 1 16.0 T
5132 1 16.0 A
5134 1 34.0 A
5137 1 16.0 C
5138 1 15.0 C
5139 1 15.0 A
5140 1494 36.5 G
5141 1 16.0 C
5142 7 32.9 A
5144 1 14.0 C
5146 1 14.0 C
5147 1663 36.1 G
5151 1 14.0 C
5155 1 15.0 T
5156 1 31.0 A
5157 1 15.0 C
5160 1 16.0 T
5162 1 13.0 T
5164 1661 36.6 G
5166 1 13.0 A
5169 1 13.0 T
5170 1672 36.5 G
5172 1 16.0 A
5173 1 16.0 A
5174 1 16.0 C
5175 1 16.0 A
5177 1729 36.1 G
5179 1 13.0 T
5181 1 15.0 A
5183 2 39.5 A
5185 1765 36.0 G
5188 1 15.0 T
5190 1 16.0 A
5192 1 15.0 A
5193 1 16.0 C
5194 1 15.0 C
5200 1 16.0 T
5208 1 15.0 A
5217 1 27.0 T
5218 1 40.0 C
5223 1599 36.1 G
5224 1616 35.8 G
5225 4 35.7 A
5226 1638 35.4 G
5227 1632 35.4 G
5231 1671 35.2 G
5232 1 13.0 C
5233 1 14.0 C
5235 1 14.0 C
5237 1707 36.2 G
5238 1 14.0 C
5240 1 15.0 A
5244 1812 36.2 G
5245 1792 36.0 G
5249 1 14.0 T
5250 1 16.0 T
5252 1867 34.6 G
5258 1 16.0 A
5260 1955 35.3 G
5261 1960 35.2 G
5262 1978 35.5 G
5265 1 13.0 A
5267 1 16.0 T
5268 4 16.0 A
5270 1 39.0 C
5271 2111 35.6 G
5274 2125 36.1 G
5276 2 16.0 A
5277 1 16.0 T
5278 3 19.7 T
5280 1 16.0 A
5282 1 16.0 A
5283 1 16.0 A
5284 4 21.5 A
5286 2 25.0 A
5287 2 15.0 A
5288 1 16.0 C
5290 2 14.5 A
5292 2 16.0 A
5293 2179 35.8 G
5295 1 14.0 C
5296 1 14.0 T
5301 1 27.0 A
5302 2 14.5 T
5307 1 13.0 A
5310 1 13.0 A
5311 1 16.0 T
5313 2 22.5 A
5314 2 16.0 T
5315 2 16.0 A
5316 2200 36.0 G
5318 3 14.7 C
5319 1 13.0 A
5320 1 15.0 C
5321 1 14.0 C
5322 2 14.0 A
5325 4 14.5 A
5326 2 16.0 C
5331 1 27.0 C
5332 1 15.0 T
5336 2 15.5 C
5338 1 14.0 T
5340 1 15.0 T
5343 3 19.7 T
5347 4 33.7 A
5353 1648 37.1 G
5357 1 16.0 A
5364 1 14.0 T
5372 1 15.0 A
5376 1 16.0 A
5378 2 14.5 A
5380 1 14.0 T
5381 1 15.0 A
5384 1 27.0 C
5385 1 14.0 C
5386 1 14.0 C
5390 1 16.0 A
5399 1 16.0 C
5400 705 37.1 G
5402 1 16.0 A
5413 500 36.7 G
5417 469 37.4 G
5421 427 36.4 G
5431 1 40.0 A
5460 126 35.0 G
5471 76 34.3 G
5513 2 27.5 G
5579 22 38.8 G
5585 25 38.9 G
5590 25 37.4 G
5591 25 38.2 G
5595 25 38.5 G
5604 1 14.0 C
5610 25 37.6 G
5619 25 38.5 G
5623 25 37.1 G
5631 25 37.0 G
5645 26 35.1 G
5650 3 35.3 G
5660 3 28.3 G
5667 5 34.4 G
5668 5 32.2 G
5669 5 34.0 G
5691 5 36.8 G
5698 5 36.8 G
5703 5 35.6 G
5718 7 34.7 G
5719 7 36.9 G
5738 6 36.3 G
5741 6 39.3 G
5744 6 39.5 G
5745 6 38.8 G
5746 5 37.8 G
5753 5 39.8 G
5754 5 38.2 G
5756 5 38.0 G
5757 5 37.8 G
5758 5 38.8 G
5760 3 35.7 G
5763 3 38.3 G
5768 3 38.0 G
5769 3 39.7 G
5772 3 39.7 G
5773 3 36.7 G
5777 4 30.7 G
5780 4 35.2 G
5783 4 36.2 G
5791 4 38.7 G
5797 4 38.7 G
5809 4 36.2 G
5821 3 39.3 G
5822 3 37.3 G
5824 3 39.0 G
5827 5 36.2 G
5828 5 38.4 G
5835 4 36.5 G
5837 4 30.7 G
5838 4 31.7 G
5849 4 38.2 G
5856 4 39.7 G
5864 8 34.9 G
5871 10 37.7 G
5881 10 37.9 G
5903 12 36.6 G
5906 12 36.2 G
5910 12 36.8 G
5913 12 35.2 G
5917 12 37.5 G
5920 12 35.8 G
5943 31 36.5 G
5949 31 36.3 G
5950 31 34.5 G
5970 33 35.6 G
5971 30 36.7 G
5973 33 37.7 G
5977 33 36.1 G
5979 32 38.1 G
5982 33 37.0 G
5983 35 36.3 G
5985 35 35.0 G
5991 41 36.1 G
5992 41 37.4 G
5997 43 37.6 G
6004 44 38.1 G
6016 48 38.1 G
6018 51 36.1 G
6021 55 36.5 G
6023 52 34.8 G
6026 53 35.0 G
6027 50 36.7 G
6028 50 36.2 G
6032 49 35.6 G
6036 43 35.5 G
6037 40 36.6 G
6048 45 35.9 G
6049 44 35.6 G
6054 45 36.8 G
6069 38 36.2 G
6075 37 37.9 G
6081 37 36.5 G
6087 31 35.0 G
6093 33 36.4 G
6111 32 37.9 G
6129 43 34.4 G
6130 43 35.5 G
6132 45 35.0 G
6133 48 34.3 G
6138 48 33.9 G
6139 48 35.5 G
6145 63 34.3 G
6150 61 36.7 G
6165 72 34.7 G
6166 72 35.0 G
6168 76 33.2 G
6174 104 34.9 G
6179 108 35.6 G
6180 108 36.0 G
6182 4 39.2 G
6187 1 16.0 C
6190 137 36.2 G
6205 150 36.0 G
6211 168 36.9 G
6225 1 13.0 T
6239 221 35.9 G
6243 222 36.5 G
6245 1 13.0 A
6246 1 14.0 T
6249 239 36.7 G
6255 255 37.1 G
6257 258 35.3 G
6258 260 36.7 G
6259 1 27.0 A
6260 245 36.3 G
6261 250 36.3 G
6264 266 35.9 G
6265 264 36.5 G
6267 268 35.7 G
6269 1 27.0 A
6270 270 36.4 G
6271 260 36.9 G
6275 1 39.0 A
6276 263 37.5 G
6277 261 37.0 G
6280 273 37.2 G
6285 281 37.8 G
6289 1 16.0 A
6300 341 37.0 G
6303 352 36.7 G
6304 354 36.2 G
6305 349 36.3 G
6306 2 26.5 A
6321 369 36.5 G
6322 368 36.5 G
6324 380 35.9 G
6325 1 15.0 C
6330 401 36.9 G
6333 415 35.8 G
6335 1 16.0 C
6342 1 14.0 A
6360 518 36.6 G
6362 1 39.0 A
6363 516 36.7 G
6364 518 35.9 G
6366 523 35.6 G
6369 2 25.5 T
6370 1 39.0 C
6372 1 13.0 T
6381 533 35.8 G
6382 536 35.7 G
6383 536 36.0 G
6384 537 35.6 G
6387 1 13.0 A
6391 1 16.0 A
6401 1 15.0 A
6418 1 15.0 A
6425 1 27.0 T
6426 566 36.2 G
6433 1 16.0 C
6446 549 36.5 G
6456 518 36.7 G
6460 499 36.8 G
6465 490 37.2 G
6477 486 36.5 G
6480 475 37.0 G
6503 1 40.0 A
6504 396 36.9 G
6509 1 27.0 A
6510 392 36.2 G
6513 388 36.5 G
6516 379 36.4 G
6517 376 36.1 G
6537 310 36.4 G
6541 308 36.5 G
6564 240 36.2 G
6570 249 35.9 G
6573 249 36.0 G
6574 253 35.7 G
6576 255 35.5 G
6577 252 35.6 G
6578 1 34.0 A
6579 251 36.0 G
6580 253 35.5 G
6582 261 35.7 G
6589 1 15.0 T
6592 1 36.0 T
6610 233 37.1 G
6618 252 36.4 G
6619 257 36.3 G
6627 262 36.9 G
6630 262 36.8 G
6632 1 16.0 T
6651 230 37.0 G
6652 231 36.2 G
6657 224 36.4 G
6658 219 36.9 G
6675 232 36.6 G
6686 1 15.0 C
6690 239 37.3 G
6691 239 36.2 G
6698 1 38.0 A
6699 228 37.0 G
6708 215 36.4 G
6709 214 37.0 G
6717 186 36.5 G
6718 181 36.2 G
6722 169 36.7 G
6723 168 36.8 G
6727 157 36.8 G
6729 155 36.2 G
6734 146 36.2 G
6744 113 36.1 G
6745 115 36.1 G
6753 104 37.1 G
6754 108 36.0 G
6755 107 36.2 G
6762 93 37.1 G
6764 88 36.6 G
6766 87 37.2 G
6768 79 36.1 G
6786 51 37.3 G
6789 49 37.7 G
6790 50 37.6 G
6795 41 36.0 G
6798 40 38.5 G
6801 41 36.4 G
6808 53 35.6 G
6810 48 35.9 G
6825 52 35.7 G
6837 1 16.0 A
6840 62 35.5 G
6852 76 36.8 G
6853 76 36.9 G
6855 80 37.2 G
6861 92 37.6 G
6863 1 40.0 A
6868 117 36.5 G
6871 131 36.2 G
6876 147 35.9 G
6888 181 36.3 G
6889 189 35.3 G
6892 199 35.8 G
6899 212 36.9 G
6904 234 36.6 G
6909 232 37.1 G
6912 250 36.2 G
6915 265 36.5 G
6917 272 34.9 G
6922 295 35.2 G
6924 304 35.9 G
6930 343 36.7 G
6931 343 36.8 G
6932 1 16.0 A
6934 1 16.0 T
6937 1 16.0 T
6951 368 37.3 G
6954 369 35.7 G
6955 368 35.4 G
6957 363 34.9 G
6958 364 35.4 G
6962 383 36.2 G
6963 9 37.7 A
6966 363 36.8 G
6967 369 36.7 G
6969 1 14.0 A
6972 344 36.5 G
6978 337 37.2 G
6987 1 27.0 T
6993 335 35.6 G
6997 1 15.0 T
6999 338 36.8 G
7001 1 16.0 A
7005 1 16.0 C
7008 329 35.8 G
7011 2 20.0 A
7013 308 36.5 G
7020 308 36.2 G
7023 294 35.3 G
7026 287 35.9 G
7030 3 30.7 A
7034 1 27.0 C
7036 1 15.0 A
7041 325 36.8 G
7049 1 15.0 A
7053 553 35.3 G
7054 575 35.6 G
7056 626 35.6 G
7059 680 36.4 G
7061 1 15.0 A
7062 1 30.0 T
7065 835 35.3 G
7069 1 16.0 T
7070 1 27.0 C
7074 1210 35.6 G
7075 1241 35.4 G
7077 1335 35.6 G
7078 1359 35.7 G
7080 1 14.0 T
7082 1 40.0 C
7083 1 14.0 A
7084 1 15.0 T
7085 2 23.0 T
7090 1946 37.0 G
7091 1 38.0 A
7093 1 16.0 T
7094 1 16.0 T
7095 1 15.0 C
7097 1 15.0 C
7100 2 23.5 A
7103 1 16.0 C
7104 1 16.0 T
7106 2 27.0 A
7107 2905 36.5 G
7108 2959 36.2 G
7109 1 37.0 C
7111 3 16.0 A
7112 1 16.0 C
7113 1 15.0 A
7115 2 15.0 C
7118 2 15.5 A
7119 3508 36.3 G
7120 1 38.0 A
7122 1 15.0 C
7123 2 14.0 A
7124 1 16.0 A
7125 1 16.0 A
7126 1 16.0 C
7130 1 27.0 C
7131 4205 36.9 G
7134 4 19.0 A
7135 2 20.5 A
7137 3 26.3 A
7138 1 16.0 T
7139 1 35.0 C
7140 2 27.5 C
7142 3 19.3 T
7143 2 16.0 T
7144 2 15.0 T
7145 1 16.0 C
7148 3 16.0 T
7149 1 16.0 A
7150 3 19.7 T
7151 2 32.5 C
7152 1 15.0 A
7154 2 16.0 A
7155 1 27.0 T
7156 2 16.0 T
7157 1 16.0 C
7158 3 15.3 A
7159 2 16.0 T
7161 6433 36.5 G
7162 6506 35.9 G
7164 6738 36.3 G
7166 3 14.0 A
7167 5 18.0 A
7168 2 16.0 A
7169 3 19.7 T
7171 1 15.0 T
7172 3 15.0 A
7173 4 23.2 A
7174 1 16.0 C
7176 1 15.0 T
7179 2 15.0 T
7180 3 16.0 T
7181 1 16.0 C
7182 1 39.0 C
7183 4 14.5 C
7184 6 20.7 A
7185 1 16.0 C
7186 2 14.0 A
7187 2 25.0 A
7188 1 16.0 C
7189 5 22.0 A
7190 1 16.0 C
7191 6 19.0 T
7192 2 16.0 T
7193 1 16.0 T
7194 1 15.0 C
7195 3 14.7 T
7196 4 24.7 C
7197 9150 36.2 G
7198 9157 35.8 G
7199 1 14.0 C
7200 6 16.2 C
7202 14 35.6 A
7203 1 16.0 T
7204 1 15.0 C
7205 3 22.0 C
7206 10047 36.8 G
7207 10132 36.2 G
7208 6 22.2 A
7209 4 17.2 A
7210 1 14.0 T
7211 10324 36.0 G
7213 4 15.0 C
7214 7 16.4 C
7215 4 14.5 C
7216 10793 36.0 G
7217 2 20.5 A
7218 1 14.0 C
7219 11071 36.7 G
7221 1 27.0 T
7222 2 16.0 A
7223 2 16.0 C
7224 1 15.0 T
7225 3 15.7 C
7226 11462 36.6 G
7227 11576 36.4 G
7228 3 22.7 A
7229 1 14.0 C
7230 2 20.0 T
7231 1 16.0 A
7232 3 23.3 C
7233 2 15.0 C
7234 8 29.1 C
7235 2 14.5 C
7236 11965 36.5 G
7237 10 32.7 A
7238 25 32.9 T
7239 12190 36.0 G
7241 7 23.0 A
7242 1 16.0 T
7243 3 19.0 A
7244 1 16.0 C
7245 5 16.0 A
7246 1 14.0 C
7247 2 14.5 C
7248 7 23.4 A
7249 1 16.0 C
7250 4 18.5 A
7251 4 16.0 T
7252 12462 36.2 G
7254 12 20.4 A
7255 11 15.5 A
7257 14 30.4 A
7258 1 31.0 T
7259 3 27.3 C
7260 2 15.0 C
7261 2 15.0 T
7262 5 15.0 A
7263 3 19.0 T
7265 8 17.9 A
7266 4 18.5 T
7267 2 21.0 C
7269 12287 36.7 G
7271 4 22.0 A
7272 12213 36.0 G
7273 12123 36.0 G
7274 2 16.0 C
7275 4 20.5 T
7276 1 15.0 C
7277 6 17.3 A
7278 6 15.5 T
7280 4 30.5 C
7281 8 22.0 A
7282 4 16.0 T
7283 2 16.0 T
7284 1 15.0 T
7285 5 20.6 C
7286 5 15.8 T
7287 1 16.0 C
7288 4 14.7 T
7289 5 18.2 A
7290 2 21.0 A
7291 2 21.5 C
7292 6 20.2 A
7293 11806 36.5 G
7295 5 16.4 A
7296 11653 36.6 G
7297 3 16.0 T
7298 8 20.7 A
7299 5 15.6 A
7300 2 16.0 T
7301 7 22.4 A
7302 2 24.5 T
7303 3 22.7 T
7304 2 16.0 A
7305 3 15.7 A
7306 5 15.6 T
7307 2 16.0 A
7308 9 20.8 A
7309 2 23.5 T
7310 1 16.0 T
7311 2 16.0 T
7312 3 18.3 T
7314 5 21.4 A
7315 2 16.0 T
7316 10358 36.9 G
7317 3 15.7 A
7318 5 20.8 T
7319 1 16.0 T
7321 9872 35.8 G
7322 5 25.4 A
7323 9813 36.1 G
7324 3 19.3 A
7325 3 28.3 A
7326 9429 36.2 G
7327 2 16.0 C
7328 3 13.7 C
7329 5 13.6 T
7330 2 15.5 T
7331 1 16.0 C
7332 9093 36.6 G
7334 6 22.3 T
7335 4 15.0 T
7336 2 28.0 C
7337 8476 36.3 G
7339 3 22.7 A
7340 8170 36.4 G
7342 8037 36.9 G
7343 1 14.0 A
7344 7 13.4 A
7345 2 14.0 A
7346 5 13.8 A
7347 7763 36.5 G
7348 2 15.0 T
7349 1 39.0 C
7351 1 27.0 T
7352 1 40.0 A
7353 1 16.0 A
7354 1 16.0 T
7355 1 16.0 A
7356 7049 37.3 G
7357 1 16.0 T
7359 6773 36.9 G
7361 3 21.7 A
7362 6470 36.6 G
7363 1 13.0 A
7364 4 16.0 A
7365 1 15.0 C
7366 2 26.5 C
7368 1 14.0 T
7369 1 15.0 C
7371 1 15.0 A
7372 2 14.5 T
7373 2 15.5 A
7374 1 16.0 A
7375 1 27.0 A
7376 3 15.7 C
7377 3 23.0 C
7379 4917 36.8 G
7380 4851 36.6 G
7381 1 36.0 A
7382 4686 36.4 G
7383 1 15.0 T
7384 4492 36.3 G
7385 2 27.5 A
7387 1 15.0 T
7388 1 40.0 A
7389 1 15.0 T
7390 2 16.0 A
7391 1 16.0 T
7392 3555 36.2 G
7393 3431 36.2 G
7394 1 15.0 A
7396 3151 35.6 G
7397 1 16.0 C
7399 2 13.5 C
7400 1 36.0 C
7401 1 13.0 C
7403 3 13.7 A
7404 1 14.0 C
7405 1 13.0 C
7407 1 14.0 T
7408 1 37.0 A
7410 1 15.0 C
7411 2 13.5 A
7412 1 16.0 C
7414 2 16.0 C
7416 1 15.0 T
7419 1518 33.4 G
7420 1 16.0 A
7422 1407 33.5 G
7423 1 13.0 A
7424 1 16.0 A
7428 1178 35.6 G
7429 2 13.5 T
7433 1 15.0 C
7440 1 16.0 T
7442 1 14.0 T
7444 602 34.2 G
7445 1 14.0 A
7446 1 16.0 C
7450 1 16.0 A
7453 455 34.3 G
7454 441 35.1 G
7457 385 34.7 G
7458 383 35.3 G
7463 303 33.8 G
7465 1 40.0 A
7472 1 13.0 A
7475 210 34.9 G
7478 194 35.2 G
7479 194 36.0 G
7480 1 14.0 T
7486 157 34.7 G
7497 93 33.2 G
7498 87 34.9 G
7506 63 33.7 G
7513 1 40.0 T
7514 1 14.0 C
7588 180 35.9 G
7589 180 35.8 G
7595 181 35.0 G
7598 180 35.1 G
7600 181 34.7 G
7604 181 36.4 G
7607 181 37.2 G
7608 181 36.5 G
7616 198 36.6 G
7619 197 36.5 G
7636 1 16.0 A
7637 199 35.9 G
7639 1 16.0 A
7640 199 35.2 G
7642 201 35.2 G
7644 1 13.0 T
7645 1 14.0 T
7646 1 39.0 A
7658 25 38.3 G
7664 25 35.6 G
7689 9 37.0 G
7697 9 37.7 G
7702 14 35.7 G
7706 14 35.5 G
7753 1 34.0 A
7754 83 36.3 G
7757 92 36.5 G
7762 135 36.5 G
7763 136 36.7 G
7768 4 39.0 A
7769 174 37.2 G
7770 1 36.0 A
7775 185 37.0 G
7779 201 36.7 G
7783 1 16.0 T
7789 246 36.1 G
7793 261 36.5 G
7804 1 16.0 A
7805 317 36.4 G
7808 1 15.0 C
7811 1 27.0 A
7814 374 35.6 G
7822 1 27.0 A
7827 1 27.0 T
7830 454 35.9 G
7846 1 34.0 A
7847 600 36.2 G
7850 676 35.5 G
7851 1 31.0 A
7852 705 35.2 G
7853 719 35.7 G
7859 908 36.1 G
7860 3 14.0 A
7861 1 14.0 T
7865 1 15.0 T
7870 1 16.0 T
7871 1 27.0 A
7875 1 16.0 T
7876 1 16.0 C
7877 1 13.0 A
7878 1 16.0 A
7879 1 39.0 A
7883 2 16.0 A
7886 1464 35.1 G
7887 1482 35.3 G
7891 1 27.0 C
7893 1 14.0 A
7894 1 16.0 A
7896 1824 35.8 G
7897 1837 36.1 G
7901 1 15.0 T
7902 2043 35.8 G
7904 1 16.0 A
7906 1 16.0 C
7909 1 15.0 C
7910 2427 36.7 G
7911 1 15.0 A
7912 2494 36.1 G
7913 1 27.0 T
7915 1 16.0 C
7916 2 15.0 A
7917 2 14.5 C
7919 2885 35.6 G
7920 2 31.0 A
7921 1 40.0 C
7925 3301 36.3 G
7926 3347 35.5 G
7928 3604 35.3 G
7929 3649 35.3 G
7930 1 35.0 A
7932 2 14.0 T
7933 1 16.0 A
7934 1 16.0 A
7936 2 16.0 C
7937 4 18.7 T
7939 1 16.0 C
7940 3 16.0 A
7941 5 19.8 A
7943 1 15.0 T
7944 2 21.5 C
7945 2 14.5 C
7946 2 31.0 T
7948 1 16.0 C
7949 1 15.0 A
7951 1 27.0 A
7952 1 16.0 C
7953 1 16.0 T
7954 4 16.0 T
7957 2 27.5 C
7958 1 15.0 C
7959 3 13.7 C
7960 1 40.0 A
7962 1 15.0 T
7963 2 16.0 A
7964 4 18.0 T
7965 1 16.0 T
7966 2 16.0 C
7967 1 16.0 C
7969 2 26.0 A
7970 6093 35.8 G
7971 1 37.0 A
7972 2 16.0 A
7974 3 15.0 C
7975 1 14.0 A
7976 6588 36.3 G
7977 6632 35.8 G
7979 7002 34.9 G
7980 2 24.5 A
7981 2 13.5 C
7982 1 14.0 C
7983 3 31.3 T
7984 7302 35.8 G
7986 7571 35.6 G
7987 4 13.2 A
7988 1 14.0 C
7989 2 20.5 T
7990 2 14.0 C
7991 2 20.5 C
7992 1 39.0 T
7993 1 15.0 T
7994 8036 35.5 G
7995 2 23.0 A
7997 8255 37.1 G
7998 1 14.0 T
7999 1 15.0 T
8000 8340 35.3 G
8001 2 30.5 A
8003 2 27.0 A
8004 2 16.0 A
8005 1 16.0 T
8006 1 27.0 C
8007 8665 36.1 G
8008 1 15.0 A
8009 8696 36.2 G
8010 4 17.2 T
8011 2 14.5 A
8012 8841 36.5 G
8013 1 16.0 T
8014 2 16.0 A
8015 2 23.0 C
8016 3 15.0 T
8017 6 15.8 C
8018 1 15.0 C
8020 9162 36.1 G
8022 2 13.5 T
8024 9323 35.1 G
8025 3 21.7 A
8026 5 34.4 A
8027 9299 35.8 G
8028 1 39.0 C
8029 1 13.0 C
8030 2 14.0 C
8031 3 24.7 C
8032 4 24.2 C
8033 5 13.8 A
8035 4 18.5 T
8036 1 27.0 C
8037 9528 37.0 G
8038 3 21.7 T
8039 1 16.0 A
8040 3 16.0 T
8041 3 22.0 A
8042 3 19.7 A
8043 1 16.0 T
8044 3 16.0 A
8045 2 27.5 A
8046 1 16.0 T
8047 3 16.0 T
8048 3 24.3 A
8049 2 20.0 C
8050 2 15.0 A
8051 1 16.0 T
8052 1 16.0 C
8053 1 15.0 A
8054 4 16.0 C
8055 3 23.3 A
8056 9 24.3 A
8057 9666 35.9 G
8058 5 19.0 A
8060 9815 36.7 G
8061 1 13.0 T
8062 4 27.0 C
8063 1 13.0 T
8064 2 14.5 T
8065 9673 35.3 G
8066 2 21.5 C
8067 3 21.0 A
8068 1 40.0 C
8069 6 15.0 T
8071 5 27.6 A
8072 2 27.0 T
8073 9328 35.4 G
8074 5 22.2 A
8075 9344 36.0 G
8077 2 26.5 T
8078 9067 36.1 G
8080 1 16.0 C
8081 5 15.8 C
8082 6 24.7 C
8083 2 14.5 C
8084 2 26.0 A
8086 2 14.0 A
8087 2 16.0 T
8088 3 16.0 T
8089 13 30.0 A
8090 8315 35.9 G
8091 8259 35.8 G
8092 1 16.0 C
8093 6 17.5 T
8094 5 20.0 T
8095 3 38.0 A
8096 5 15.6 A
8097 2 16.0 A
8098 3 23.7 A
8099 2 27.5 A
8100 2 21.0 C
8101 8 22.9 A
8102 7675 37.0 G
8103 3 20.0 A
8104 5 19.0 T
8105 7402 35.8 G
8107 3 20.3 A
8108 6 15.7 A
8109 1 16.0 T
8111 1 15.0 C
8112 1 27.0 C
8113 2 31.5 C
8114 7067 35.9 G
8115 7046 35.6 G
8116 2 24.5 A
8117 1 14.0 C
8118 6676 36.2 G
8119 5 13.8 T
8120 2 27.0 C
8121 4 16.5 T
8122 2 14.5 A
8123 8 19.7 A
8124 1 16.0 A
8125 2 15.5 C
8126 2 23.0 C
8127 3 20.3 A
8128 1 16.0 A
8129 4 21.0 A
8130 2 16.0 C
8131 2 27.5 C
8132 4 20.2 A
8133 2 21.5 C
8134 3 15.0 T
8136 2 15.5 T
8137 2 15.5 C
8138 1 39.0 A
8139 1 16.0 C
8140 2 16.0 C
8141 4970 36.1 G
8142 1 13.0 C
8144 2 24.5 A
8146 2 26.5 A
8148 4624 35.4 G
8150 1 14.0 C
8151 1 14.0 C
8152 4407 35.2 G
8153 4276 34.9 G
8154 4214 34.8 G
8155 4158 35.2 G
8156 4112 35.2 G
8157 3 13.0 T
8158 1 14.0 A
8160 1 31.0 A
8162 3 14.3 T
8163 1 40.0 A
8164 4 22.2 C
8165 3330 34.2 G
8166 3291 34.4 G
8167 3 20.3 T
8168 1 36.0 C
8169 1 13.0 A
8170 1 16.0 A
8171 1 16.0 T
8172 2933 34.5 G
8173 1 16.0 C
8174 1 15.0 T
8177 2637 33.4 G
8179 2 27.5 A
8180 3 27.0 A
8183 1 40.0 T
8184 2378 35.0 G
8185 1 15.0 T
8186 2262 33.4 G
8187 2245 34.5 G
8188 2 27.5 A
8189 2172 34.2 G
8190 1 15.0 C
8196 1 13.0 A
8198 4 20.7 A
8199 1761 36.5 G
8202 1 14.0 T
8203 1 16.0 C
8206 1481 34.2 G
8210 1 14.0 A
8211 1 16.0 T
8213 1190 34.9 G
8218 1 39.0 A
8219 975 35.5 G
8221 1 16.0 A
8223 1 30.0 T
8224 1 15.0 A
8233 1 14.0 A
8234 1 27.0 A
8243 446 34.2 G
8246 1 15.0 A
8248 1 36.0 A
8249 342 34.4 G
8250 320 34.2 G
8251 304 34.4 G
8255 258 35.0 G
8269 137 33.6 G
8272 1 16.0 C
8280 1 24.0 A
8290 49 33.8 G
8292 45 33.9 G
8368 31 36.6 G
8387 31 37.4 G
8391 69 36.8 G
8392 69 35.8 G
8415 1 13.0 T
8485 4 32.0 G
8517 4 35.7 G
8519 4 33.5 G
8529 7 38.7 G
8533 7 34.6 G
8541 8 38.1 G
8545 9 35.3 G
8557 8 36.0 G
8572 6 32.5 G
8573 6 36.7 G
8581 7 31.9 G
8584 7 35.0 G
8587 7 34.0 G
8592 7 38.0 G
8616 6 26.2 G
8648 8 36.1 G
8669 30 34.9 G
8697 60 37.3 G
8719 119 36.2 G
8720 119 36.6 G
8723 121 36.2 G
8729 126 37.6 G
8743 146 37.0 G
8752 1 16.0 A
8764 199 35.2 G
8774 1 16.0 A
8782 204 36.8 G
8783 204 35.7 G
8790 197 35.7 G
8813 1 16.0 C
8817 2 38.5 A
8833 110 33.9 G
8838 95 32.7 G
8839 95 33.0 G
8846 1 13.0 C
8852 41 31.4 G
8853 1 15.0 A
8854 39 31.1 G
8856 20 31.8 G
8857 20 32.4 G
8858 20 34.9 G
8863 161 34.2 G
8865 233 35.5 G
8868 1 16.0 T
8872 408 36.1 G
8873 429 36.0 G
8879 565 36.1 G
8881 1 27.0 T
8886 793 37.0 G
8892 1 27.0 A
8894 1 16.0 A
8896 1014 36.7 G
8902 1174 36.3 G
8906 1 14.0 A
8910 2 38.5 C
8914 1 16.0 C
8917 1 16.0 C
8919 1 16.0 A
8920 1782 36.7 G
8921 1806 36.2 G
8923 1 14.0 A
8931 2 23.0 A
8936 1 35.0 T
8941 2 16.0 C
8944 2 14.0 A
8946 1 16.0 A
8949 2 23.0 A
8950 2349 37.5 G
8953 1 16.0 A
8957 1 16.0 T
8959 2339 36.3 G
8960 1 14.0 A
8968 1 16.0 A
8969 2215 36.5 G
8971 1 14.0 C
8975 3 14.3 T
8979 1 16.0 T
8981 1 27.0 A
8982 1 16.0 A
8984 3 27.3 C
8986 2 27.5 A
8987 1 16.0 T
8988 3 31.7 A
8989 2016 35.7 G
8992 3 26.3 C
8994 1989 34.8 G
8995 1984 35.9 G
8996 1 16.0 C
8998 1979 37.0 G
9000 1 34.0 A
9002 1931 36.6 G
9003 2 13.5 C
9007 1 16.0 A
9010 1762 37.0 G
9013 2 13.5 A
9014 2 27.0 A
9016 1 14.0 A
9021 1 16.0 T
9022 1490 35.2 G
9024 1 15.0 A
9025 1452 36.2 G
9026 1428 36.3 G
9029 1 14.0 A
9037 1 27.0 A
9038 2 27.5 T
9039 1217 36.3 G
9049 1184 35.6 G
9050 1193 36.4 G
9053 1174 36.2 G
9055 1164 35.7 G
9064 1049 36.7 G
9066 3 14.0 A
9069 2 14.5 A
9072 1 16.0 A
9075 1 14.0 C
9076 6 39.2 A
9081 1 16.0 C
9113 1 27.0 T
9114 1 39.0 A
9123 263 36.6 G
9129 1 27.0 C
9133 210 37.2 G
9139 179 37.3 G
9142 165 37.1 G
9145 155 36.4 G
9157 105 37.2 G
9163 87 37.2 G
9178 59 36.7 G
9182 55 36.5 G
9192 18 35.2 G
9196 14 35.0 G
9209 95 37.5 G
9225 95 36.7 G
9237 95 36.7 G
9247 95 36.2 G
9253 96 35.2 G
9257 1 13.0 C
9264 97 34.3 G
9265 96 35.1 G
9266 97 32.1 G
9267 97 33.5 G
9276 4 37.7 G
9287 3 37.3 G
9294 3 39.3 G
9295 3 36.3 G
9300 3 38.7 G
9305 3 39.3 G
9307 5 24.8 G
9329 14 37.1 G
9342 19 37.3 G
9343 19 34.7 G
9376 40 37.2 G
9379 42 37.7 G
9380 3 35.3 G
9382 43 37.9 G
9384 44 38.0 G
9387 49 38.3 G
9394 54 37.5 G
9396 56 37.2 G
9400 65 37.4 G
9411 68 36.5 G
9412 69 36.0 G
9429 76 36.4 G
9430 1 16.0 T
9438 90 36.4 G
9439 92 36.8 G
9445 98 37.0 G
9450 123 37.0 G
9451 133 36.8 G
9452 139 36.7 G
9453 1 14.0 A
9458 1 16.0 C
9467 1 16.0 T
9474 185 37.0 G
9477 188 36.8 G
9488 1 16.0 C
9489 246 35.7 G
9492 264 36.2 G
9493 264 36.5 G
9495 2 24.5 T
9502 330 36.0 G
9504 334 35.9 G
9514 1 14.0 A
9520 433 35.6 G
9523 1 13.0 T
9524 1 16.0 A
9525 466 34.8 G
9540 1 16.0 T
9543 722 34.6 G
9544 728 34.6 G
9545 2 16.0 A
9546 757 33.8 G
9547 762 34.3 G
9548 763 34.4 G
9549 1 39.0 C
9552 1 27.0 T
9553 821 34.2 G
9554 822 34.3 G
9559 1 14.0 C
9560 1 13.0 A
9564 1014 35.7 G
9565 1032 35.6 G
9568 1 15.0 T
9569 2 16.0 C
9572 1 15.0 C
9575 1219 35.8 G
9580 1 15.0 A
9581 1 13.0 T
9583 1 13.0 C
9586 2 25.0 T
9588 1507 35.9 G
9591 1569 35.9 G
9594 2 40.0 C
9595 1 15.0 C
9596 3 29.0 A
9598 1 14.0 T
9600 1 14.0 C
9604 1 31.0 A
9605 1 27.0 C
9608 3 21.3 A
9609 1 14.0 T
9612 2221 36.7 G
9615 1 13.0 T
9616 1 16.0 T
9620 2 16.0 C
9621 2602 36.5 G
9623 1 14.0 A
9626 2 27.0 A
9627 2991 36.6 G
9628 3011 36.5 G
9630 3043 36.7 G
9632 29 36.0 A
9635 6 21.3 A
9636 1 16.0 A
9637 2 16.0 T
9641 2 39.5 C
9642 1 15.0 T
9643 3168 36.5 G
9645 3165 36.5 G
9648 1 16.0 C
9649 2 36.0 A
9650 1 27.0 C
9653 1 15.0 T
9655 3312 36.7 G
9656 1 16.0 T
9660 2 16.0 A
9661 3 16.0 T
9662 1 39.0 A
9663 3570 36.3 G
9665 4 15.7 A
9666 1 14.0 A
9670 3 23.7 A
9671 1 16.0 C
9673 4223 36.4 G
9675 3 13.7 A
9676 1 14.0 A
9679 1 14.0 A
9680 1 16.0 A
9682 2 27.0 T
9683 4 15.7 A
9684 2 26.0 A
9685 1 16.0 T
9686 1 16.0 T
9687 1 15.0 C
9688 7 23.7 A
9689 1 13.0 A
9690 5088 36.3 G
9692 6 14.8 A
9693 1 27.0 C
9694 1 13.0 T
9695 5377 35.9 G
9696 1 16.0 C
9697 3 15.0 T
9698 1 16.0 T
9700 5 19.4 T
9701 2 16.0 T
9702 1 36.0 A
9703 2 25.0 C
9704 5 22.6 A
9705 4 19.5 A
9706 2 16.0 T
9707 3 15.7 T
9708 1 16.0 T
9710 2 21.5 A
9711 1 16.0 C
9713 6120 36.7 G
9714 6125 36.6 G
9715 6098 36.7 G
9717 1 15.0 C
9718 5 19.2 T
9719 2 23.0 C
9721 4 16.0 A
9723 2 16.0 T
9724 1 16.0 T
9726 1 16.0 A
9727 1 16.0 C
9728 4 15.0 C
9730 4 15.0 T
9731 1 40.0 C
9734 1 40.0 A
9735 2 15.5 C
9736 3 23.0 A
9737 2 15.0 A
9738 7006 36.4 G
9740 1 15.0 C
9741 4 18.7 T
9742 3 24.3 C
9743 2 14.5 A
9744 7429 37.0 G
9745 2 25.0 A
9746 7533 36.9 G
9747 1 16.0 T
9749 3 15.7 C
9750 1 15.0 T
9751 1 16.0 T
9753 7784 36.9 G
9754 1 36.0 A
9755 7906 36.6 G
9756 4 14.2 T
9758 4 14.2 T
9761 1 14.0 C
9764 1 15.0 C
9765 3 15.7 A
9766 1 16.0 C
9767 1 16.0 C
9768 2 24.5 A
9769 2 16.0 T
9770 1 16.0 T
9771 2 15.5 T
9772 3 31.0 C
9773 1 16.0 C
9774 7377 36.8 G
9775 2 24.0 A
9776 1 13.0 C
9777 7309 36.5 G
9778 7302 36.2 G
9780 1 14.0 A
9782 4 24.2 C
9783 1 39.0 T
9784 2 16.0 A
9785 2 16.0 C
9786 7108 37.1 G
9787 7084 36.7 G
9789 7 13.9 T
9791 4 19.7 A
9792 3 27.3 A
9794 5 19.6 A
9796 2 16.0 T
9797 3 15.3 T
9798 2 15.0 T
9799 2 27.5 T
9800 1 14.0 T
9801 6288 35.9 G
9803 4 18.7 A
9804 6217 35.7 G
9806 1 14.0 C
9807 6 29.3 A
9809 1 14.0 A
9810 5881 36.0 G
9811 5827 35.9 G
9812 2 20.0 C
9813 1 14.0 T
9814 1 16.0 T
9815 1 27.0 C
9816 1 39.0 C
9817 3 23.0 A
9818 2 20.0 C
9819 5458 36.5 G
9820 5412 36.1 G
9821 3 13.7 A
9823 2 13.5 T
9826 2 16.0 A
9827 1 15.0 C
9828 4908 37.0 G
9830 1 15.0 C
9832 3 18.3 T
9833 1 16.0 T
9836 1 16.0 T
9837 4314 34.9 G
9838 4235 35.8 G
9842 4 13.5 A
9844 1 16.0 C
9845 1 14.0 T
9847 1 16.0 T
9848 1 16.0 C
9851 1 15.0 C
9852 1 15.0 A
9854 1 16.0 T
9858 1 27.0 T
9859 2923 35.7 G
9861 1 14.0 T
9863 1 30.0 C
9868 2553 36.2 G
9869 1 40.0 C
9871 1 14.0 A
9872 1 13.0 A
9873 2 21.0 C
9876 1 38.0 A
9878 1 16.0 A
9906 949 33.5 G
9907 915 35.4 G
9912 772 36.2 G
9913 1 15.0 A
9915 701 35.7 G
9918 637 36.0 G
9921 591 36.0 G
9923 1 13.0 C
9925 534 36.7 G
9931 436 35.6 G
9932 425 36.5 G
9939 355 36.2 G
9941 2 39.0 A
9942 332 36.8 G
9945 308 35.4 G
9947 296 35.1 G
9948 288 36.4 G
9952 252 35.7 G
9962 173 34.7 G
9966 144 35.7 G
9979 101 35.7 G
9982 96 35.4 G
9984 87 36.8 G
9985 85 35.8 G
9986 81 35.5 G
10000 20 38.3 G
10009 20 37.3 G
10014 20 37.9 G
10033 20 36.2 G
10038 20 36.1 G
10054 20 33.1 G
10056 20 33.6 G
10065 1 15.0 T
10068 976 37.7 G
10071 1 14.0 T
10080 1 16.0 A
10086 2 21.5 A
10091 1 14.0 C
10098 980 36.9 G
10102 1 16.0 T
10113 1 16.0 A
10117 1 16.0 T
10121 1 14.0 A
10126 895 27.0 G
10143 51 37.2 G
10144 51 36.1 G
10151 1 16.0 A
10152 57 35.0 G
10170 70 37.2 G
10172 71 35.7 G
10174 73 36.3 G
10176 84 35.4 G
10177 86 35.3 G
10182 80 33.9 G
10185 1 39.0 C
10197 84 36.0 G
10201 82 37.0 G
10203 87 36.8 G
10214 1 15.0 C
10215 1 14.0 A
10219 1 16.0 A
10230 105 37.1 G
10233 106 37.2 G
10254 110 37.6 G
10260 112 37.2 G
10266 110 36.7 G
10288 103 35.9 G
10290 102 36.4 G
10310 71 34.6 G
10320 54 37.9 G
10325 48 36.6 G
10353 29 35.9 G
10360 24 38.2 G
10364 22 36.9 G
10365 20 38.2 G
10371 19 37.7 G
10373 16 38.2 G
10375 14 38.9 G
10386 5 38.6 G
10387 3 38.3 G
10392 2 39.0 G
10396 2 40.0 G
10401 1 40.0 G
10472 118 36.7 G
10500 117 36.1 G
10521 118 36.4 G
10522 117 35.1 G
10529 3 36.3 A
10530 118 36.1 G
10537 112 30.6 G
10564 2 28.0 G
10569 5 33.6 G
10572 6 38.7 G
10573 6 37.8 G
10586 9 35.2 G
10589 9 36.7 G
10599 11 36.1 G
10635 26 36.2 G
10644 29 36.1 G
10646 28 35.1 G
10653 29 36.9 G
10662 33 35.7 G
10668 38 33.0 G
10671 42 35.0 G
10675 52 34.7 G
10677 68 34.8 G
10680 70 34.8 G
10682 1 13.0 A
10683 72 37.1 G
10685 79 35.4 G
10686 82 35.4 G
10688 83 32.3 G
10689 83 34.4 G
10690 83 35.1 G
10695 87 35.8 G
10698 1 14.0 C
10704 104 37.2 G
10710 1 15.0 A
10717 1 15.0 A
10724 1 16.0 T
10725 153 36.2 G
10726 157 36.3 G
10731 171 36.6 G
10732 1 34.0 A
10737 182 37.8 G
10748 1 16.0 A
10754 1 16.0 A
10759 1 15.0 A
10762 301 37.1 G
10775 334 37.1 G
10781 1 16.0 A
10782 1 16.0 C
10783 1 15.0 A
10784 1 16.0 A
10785 1 16.0 T
10788 1 16.0 T
10797 3 29.7 C
10801 398 36.2 G
10804 1 14.0 A
10806 405 35.9 G
10819 1 15.0 A
10826 1 16.0 A
10830 415 37.0 G
10833 1 16.0 T
10840 1 40.0 A
10841 1 16.0 A
10847 1 13.0 C
10851 394 36.4 G
10856 1 27.0 A
10863 380 36.2 G
10865 1 14.0 A
10868 1 15.0 A
10869 1 16.0 T
10875 1 34.0 T
10892 1 27.0 A
10909 1 16.0 T
10911 289 36.2 G
10914 286 36.3 G
10916 1 16.0 T
10917 1 16.0 C
10918 1 15.0 C
10919 1 14.0 C
10921 1 14.0 A
10924 1 15.0 C
10925 1 13.0 T
10927 1 39.0 T
10928 1 27.0 T
10929 1 16.0 C
10931 1 15.0 T
10932 1 27.0 C
10934 242 30.5 G
10935 6 13.5 A
10936 1 14.0 C
10937 1 13.0 C
10942 2 16.0 A
10945 1 15.0 A
10947 1 16.0 C
10949 1 13.0 C
10950 1 14.0 C
10966 1 27.0 T
10971 200 30.4 G
10972 1 15.0 A
10973 1 15.0 C
10981 1 34.0 C
10987 1 27.0 A
10993 197 33.2 G
10994 198 34.3 G
10998 201 33.4 G
11004 211 34.5 G
11012 1 15.0 T
11015 1 27.0 A
11016 220 35.6 G
11018 221 35.1 G
11031 232 36.5 G
11063 1 27.0 C
11093 243 37.2 G
11099 234 37.2 G
11126 257 36.5 G
11130 1 27.0 C
11133 1 15.0 C
11139 1 16.0 T
11149 236 35.3 G
11150 236 36.1 G
11163 220 36.8 G
11166 228 35.8 G
11168 222 35.9 G
11169 222 36.6 G
11176 228 36.7 G
11180 219 36.9 G
11184 220 36.6 G
11188 221 36.1 G
11192 213 37.0 G
11195 216 35.1 G
11196 213 34.9 G
11205 1 16.0 T
11222 205 37.0 G
11225 188 36.9 G
11226 184 36.4 G
11246 190 37.0 G
11248 1 39.0 A
11251 1 27.0 A
11273 185 37.2 G
11274 188 37.0 G
11290 1 27.0 A
11306 189 36.0 G
11312 184 37.1 G
11328 175 36.4 G
11330 180 36.1 G
11346 176 36.9 G
11351 175 37.4 G
11353 1 27.0 T
11363 172 37.3 G
11372 168 37.9 G
11377 169 36.5 G
11390 174 36.9 G
11391 176 36.7 G
11403 176 36.7 G
11414 169 36.8 G
11420 175 36.7 G
11423 169 36.0 G
11426 173 34.6 G
11435 159 36.7 G
11438 160 35.4 G
11439 159 35.8 G
11440 157 36.8 G
11447 157 36.4 G
11453 149 36.6 G
11456 152 35.7 G
11459 153 36.0 G
11474 148 35.7 G
11475 140 36.2 G
11477 140 35.4 G
11478 138 35.6 G
11483 146 36.4 G
11484 152 36.6 G
11493 141 35.0 G
11510 1 15.0 A
11518 137 36.4 G
11521 2 15.0 A
11524 1 27.0 A
11531 137 34.0 G
11541 1 16.0 T
11546 144 35.9 G
11559 148 35.9 G
11561 149 36.0 G
11562 154 35.9 G
11576 1 16.0 A
11577 175 36.3 G
11586 182 36.2 G
11592 194 37.0 G
11596 1 27.0 A
11600 200 36.9 G
11611 227 36.3 G
11618 248 35.8 G
11620 1 15.0 A
11626 1 15.0 T
11632 1 16.0 C
11634 316 35.7 G
11642 335 35.4 G
11648 369 36.4 G
11651 373 36.1 G
11657 379 36.5 G
11661 1 16.0 T
11666 1 15.0 A
11668 1 27.0 C
11679 473 35.8 G
11682 490 35.7 G
11688 1 16.0 C
11690 565 36.1 G
11691 569 35.3 G
11693 593 35.3 G
11696 639 35.9 G
11699 1 15.0 A
11703 1 16.0 T
11707 1 39.0 A
11711 703 34.8 G
11717 783 35.0 G
11718 791 34.6 G
11719 780 34.7 G
11724 1 16.0 C
11730 2 14.5 C
11737 1 16.0 A
11738 1 16.0 T
11740 1 16.0 C
11742 1059 35.7 G
11743 2 27.0 C
11745 1 13.0 T
11747 1157 36.3 G
11753 1 15.0 T
11754 1 36.0 C
11755 1 15.0 A
11756 1 16.0 A
11758 1 16.0 C
11762 1524 36.7 G
11765 2 15.0 C
11766 1611 36.1 G
11768 1 14.0 A
11769 1 40.0 C
11770 2 20.0 T
11772 1 39.0 A
11775 1763 36.8 G
11778 1806 36.2 G
11780 1 39.0 A
11781 1 15.0 T
11783 1 15.0 A
11784 1 27.0 T
11785 2 16.0 A
11786 2 15.5 A
11788 1 16.0 C
11791 1 14.0 C
11792 1 14.0 T
11794 1 15.0 T
11798 2142 36.1 G
11799 2155 36.0 G
11802 1 14.0 T
11804 1 16.0 C
11805 1 16.0 A
11807 1 39.0 A
11812 9 33.9 A
11816 1 15.0 C
11817 2 15.0 C
11818 1 13.0 A
11821 1 27.0 A
11822 1 16.0 A
11824 1 16.0 A
11825 2570 36.7 G
11827 2 14.0 T
11828 2 16.0 T
11831 1 16.0 T
11832 2689 36.0 G
11833 2 26.5 A
11835 2779 36.2 G
11838 4 21.7 T
11840 1 16.0 C
11843 2888 36.1 G
11844 1 16.0 C
11845 2 14.0 A
11846 1 16.0 A
11847 2986 35.7 G
11849 2 15.0 C
11850 1 27.0 T
11851 1 15.0 C
11852 3105 36.2 G
11856 2 24.0 A
11861 3184 36.0 G
11862 1 15.0 C
11864 1 27.0 T
11866 1 15.0 A
11868 1 16.0 C
11873 4 13.7 A
11875 1 14.0 T
11878 1 27.0 T
11880 1 34.0 A
11883 1 34.0 T
11884 1 16.0 A
11885 3 39.0 C
11886 1 15.0 T
11887 3386 35.3 G
11888 3391 34.4 G
11889 3398 35.6 G
11890 1 14.0 A
11891 3418 35.8 G
11892 4 13.2 A
11893 2 14.5 A
11898 3 37.7 C
11899 1 15.0 T
11900 3433 36.6 G
11902 3437 35.2 G
11904 3 19.0 T
11906 3458 37.0 G
11908 3 23.0 A
11909 1 16.0 A
11910 1 16.0 C
11912 1 34.0 A
11914 3492 37.1 G
11918 1 15.0 T
11919 1 16.0 C
11920 2 36.5 C
11921 3 18.3 T
11922 3369 37.0 G
11923 2 23.5 A
11927 2 15.5 A
11929 1 24.0 T
11930 2 27.5 A
11931 2 15.5 T
11933 3 15.3 A
11935 2 15.0 T
11937 1 14.0 T
11938 1 14.0 C
11939 1 27.0 C
11942 1 15.0 C
11943 1 15.0 T
11944 1 16.0 T
11945 2 16.0 A
11946 2 15.5 C
11947 2 38.5 A
11948 2860 36.8 G
11949 2853 36.5 G
11952 1 27.0 T
11960 1 16.0 C
11961 1 16.0 T
11963 2386 37.0 G
11965 1 36.0 C
11966 1 15.0 A
11969 2255 36.7 G
11971 3 13.7 C
11976 4 16.0 A
11978 1 16.0 T
11979 1 16.0 C
11980 1 15.0 C
11986 1 15.0 C
11987 1 14.0 A
11989 1 36.0 A
11990 1 36.0 T
11998 1 39.0 A
12000 1 16.0 C
12004 1 15.0 A
12006 1341 35.4 G
12007 1318 35.8 G
12008 1300 35.7 G
12009 1274 35.8 G
12013 1 22.0 A
12015 1 16.0 T
12017 2 25.0 A
12019 1 16.0 C
12026 1 14.0 A
12054 431 36.1 G
12056 411 34.4 G
12070 289 36.8 G
12109 1 16.0 C
12113 74 35.9 G
12125 52 36.9 G
12126 51 35.5 G
12127 49 35.6 G
12138 14 36.5 G
12147 11 36.1 G
12164 7 36.9 G
12168 7 38.7 G
12170 6 37.7 G
12176 6 38.8 G
12183 6 37.5 G
12185 6 37.2 G
12186 6 39.5 G
12192 4 36.5 G
12207 2 38.0 G
12209 2 39.5 G
12213 1 40.0 G
12221 1 37.0 G
12226 1 40.0 G
12236 1 40.0 G
12244 1 39.0 G
12256 1 40.0 G
12345 18 35.4 G
12372 18 34.5 G
12442 2 26.5 G
12454 2 28.0 G
12457 2 38.0 G
12476 2 38.0 G
12501 9 37.0 G
12503 9 35.3 G
12508 9 38.4 G
12514 11 38.5 G
12517 11 37.5 G
12528 12 35.1 G
12533 10 36.9 G
12539 14 38.9 G
12541 14 38.6 G
12561 15 37.1 G
12572 18 38.1 G
12583 16 38.5 G
12610 14 38.5 G
12613 14 38.9 G
12618 19 37.6 G
12622 19 39.6 G
12629 20 37.4 G
12630 20 38.3 G
12640 23 37.5 G
12651 29 37.6 G
12653 28 36.6 G
12667 28 37.2 G
12677 1 16.0 T
12684 30 36.7 G
12709 1 27.0 C
12713 1 16.0 T
12730 53 36.4 G
12736 48 36.7 G
12756 60 36.8 G
12763 65 36.1 G
12764 65 35.5 G
12767 70 37.1 G
12769 73 35.3 G
12771 73 36.4 G
12772 73 35.7 G
12773 74 35.2 G
12775 77 36.0 G
12778 88 36.8 G
12779 92 36.8 G
12795 104 35.8 G
12803 98 37.3 G
12806 98 36.6 G
12809 95 37.0 G
12814 99 36.6 G
12818 105 36.0 G
12819 1 39.0 A
12820 104 34.9 G
12823 108 36.6 G
12826 105 36.2 G
12835 128 35.4 G
12838 133 36.1 G
12847 127 35.8 G
12850 1 16.0 A
12851 1 16.0 T
12852 2 16.0 C
12863 135 36.7 G
12868 134 34.1 G
12869 134 34.8 G
12871 135 35.8 G
12877 129 35.9 G
12878 129 35.9 G
12889 149 36.5 G
12895 156 36.2 G
12899 163 35.8 G
12901 1 16.0 T
12913 1 15.0 T
12923 177 35.8 G
12925 173 34.8 G
12930 1 14.0 A
12940 160 35.8 G
12952 158 35.9 G
12961 1 16.0 A
12962 158 36.1 G
12979 166 35.3 G
12980 161 35.6 G
12991 157 37.0 G
12994 157 36.5 G
12997 152 36.7 G
13000 145 37.0 G
13001 145 36.8 G
13009 142 36.7 G
13016 1 16.0 T
13018 129 36.7 G
13019 131 36.9 G
13031 120 35.4 G
13042 111 36.4 G
13048 107 36.0 G
13051 106 34.8 G
13052 103 36.9 G
13063 111 35.6 G
13069 102 35.7 G
13085 90 35.1 G
13093 86 36.2 G
13096 90 35.8 G
13099 86 36.3 G
13102 85 36.3 G
13103 87 36.9 G
13117 1 14.0 A
13121 96 36.6 G
13126 1 14.0 C
13135 90 37.0 G
13138 96 37.5 G
13145 99 36.6 G
13172 109 37.9 G
13177 107 36.7 G
13178 107 37.2 G
13180 105 37.4 G
13194 98 37.5 G
13198 106 37.3 G
13201 106 37.4 G
13204 106 37.8 G
13208 107 37.4 G
13210 107 37.1 G
13225 112 37.3 G
13240 118 37.3 G
13243 115 37.4 G
13245 1 40.0 C
13259 96 36.8 G
13267 109 36.2 G
13268 108 36.9 G
13271 1 14.0 T
13279 124 36.7 G
13288 145 37.0 G
13289 146 36.3 G
13299 1 39.0 A
13309 142 36.2 G
13317 157 35.8 G
13324 1 15.0 T
13325 156 37.1 G
13333 167 36.0 G
13342 1 16.0 A
13345 176 36.2 G
13348 1 14.0 A
13359 166 37.5 G
13361 168 36.9 G
13366 163 36.4 G
13367 166 35.7 G
13368 165 36.1 G
13393 179 37.1 G
13399 180 36.7 G
13406 190 37.0 G
13414 182 36.6 G
13415 182 36.5 G
13417 184 35.9 G
13418 184 36.7 G
13420 1 15.0 C
13427 2 21.5 A
13430 1 16.0 C
13436 1 16.0 C
13441 3 18.7 A
13447 1 15.0 A
13462 143 36.3 G
13463 142 35.7 G
13466 139 36.8 G
13471 141 36.9 G
13473 1 40.0 A
13477 137 36.3 G
13480 132 36.3 G
13481 131 36.8 G
13493 1 15.0 T
13498 127 38.0 G
13499 127 37.7 G
13510 1 15.0 A
13513 117 36.4 G
13514 1 16.0 A
13525 119 36.2 G
13531 134 36.6 G
13539 1 16.0 A
13549 2 15.5 A
13552 134 37.0 G
13556 130 36.8 G
13558 134 35.8 G
13563 1 16.0 A
13579 133 36.1 G
13590 114 36.4 G
13595 109 34.9 G
13597 108 34.4 G
13604 100 35.9 G
13610 100 36.4 G
13633 69 36.9 G
13634 69 37.3 G
13637 2 26.0 A
13643 71 36.8 G
13663 1 15.0 A
13669 58 33.5 G
13675 1 24.0 A
13703 37 32.6 G
13707 33 30.3 G
13708 32 32.7 G
13710 2 30.5 A
13711 31 32.5 G
13714 31 32.6 G
13715 31 34.9 G
13718 27 31.6 G
13726 35 33.9 G
13729 39 33.7 G
13730 39 34.9 G
13759 41 34.5 G
13804 50 32.8 G
13810 53 33.3 G
13813 58 34.2 G
13816 1 16.0 A
13825 56 34.2 G
13826 57 33.3 G
13827 1 16.0 A
13837 59 36.4 G
13843 60 33.5 G
13889 133 36.5 G
13895 1 16.0 T
13898 1 16.0 A
13915 173 36.7 G
13916 170 37.1 G
13928 178 37.1 G
13940 187 35.5 G
13945 1 16.0 A
13957 193 35.7 G
13958 192 35.9 G
13968 177 37.4 G
13970 177 36.6 G
13980 207 35.4 G
13987 1 16.0 C
13996 207 36.0 G
14003 1 15.0 C
14006 206 35.8 G
14010 1 16.0 A
14011 209 36.5 G
14016 218 36.1 G
14025 1 14.0 T
14033 1 16.0 T
14039 1 16.0 A
14040 235 36.7 G
14044 1 13.0 C
14045 2 13.0 A
14047 1 16.0 A
14052 1 15.0 C
14065 1 16.0 A
14080 244 36.1 G
14081 242 36.0 G
14087 1 14.0 T
14093 1 15.0 T
14099 1 16.0 T
14106 1 16.0 T
14108 1 16.0 T
14123 1 16.0 T
14126 1 16.0 T
14128 1 16.0 A
14140 1 16.0 A
14145 1 15.0 A
14147 1 16.0 A
14160 321 36.2 G
14162 321 35.2 G
14165 1 16.0 A
14179 1 16.0 A
14181 1 37.0 A
14186 1 16.0 C
14193 1 39.0 A
14194 1 16.0 C
14198 323 36.7 G
14207 293 36.8 G
14209 1 16.0 A
14226 303 37.2 G
14233 4 32.0 A
14237 1 16.0 T
14238 1 39.0 A
14240 3 31.7 A
14242 1 16.0 A
14243 356 35.4 G
14246 1 14.0 C
14248 1 13.0 C
14249 363 35.8 G
14258 395 35.9 G
14259 395 36.3 G
14268 377 36.2 G
14278 1 15.0 T
14279 380 35.9 G
14286 1 14.0 C
14289 1 40.0 C
14292 1 16.0 C
14299 1 16.0 T
14300 1 16.0 A
14305 411 36.3 G
14310 1 40.0 C
14323 365 36.5 G
14325 1 16.0 T
14326 1 16.0 T
14340 1 27.0 C
14357 1 15.0 A
14360 1 40.0 C
14364 372 36.4 G
14366 1 14.0 A
14369 1 13.0 A
14384 361 37.1 G
14395 2 20.5 T
14396 1 35.0 A
14397 1 16.0 A
14405 1 16.0 A
14410 420 35.4 G
14414 1 34.0 T
14423 467 34.0 G
14425 1 34.0 C
14429 2 13.5 C
14432 467 35.3 G
14435 1 30.0 T
14437 3 39.3 A
14438 494 35.4 G
14439 495 36.1 G
14440 2 27.5 A
14441 1 15.0 T
14453 531 36.0 G
14459 524 36.3 G
14462 527 36.2 G
14465 567 36.1 G
14467 1 16.0 A
14473 2 15.5 A
14474 1 16.0 A
14476 597 35.2 G
14479 1 15.0 A
14482 1 14.0 C
14486 2 15.0 A
14487 1 13.0 T
14494 1 13.0 T
14500 1 15.0 A
14501 1 16.0 A
14503 1 16.0 T
14508 1 16.0 A
14510 1 14.0 A
14512 1 16.0 T
14516 1 16.0 A
14517 1 16.0 A
14523 1 16.0 T
14525 1 15.0 T
14526 1 16.0 A
14527 1 16.0 A
14530 1 14.0 T
14531 1 16.0 C
14544 655 37.2 G
14560 596 35.5 G
14564 1 14.0 A
14569 569 36.3 G
14572 1 39.0 A
14597 2 21.5 A
14598 1 15.0 T
14600 356 36.0 G
14601 352 36.5 G
14603 337 34.5 G
14604 1 27.0 A
14606 320 35.3 G
14607 313 35.4 G
14612 290 36.7 G
14615 267 36.5 G
14655 78 37.4 G
14663 66 36.0 G
14666 1 16.0 T
14681 33 35.5 G
14685 25 37.4 G
14686 25 37.5 G
14698 21 36.7 G
14705 17 35.5 G
14710 11 36.5 G
14721 6 37.2 G
14724 6 27.5 G
14739 4 33.2 G
14749 83 33.9 G
14760 83 36.7 G
14804 83 35.6 G
14831 6 38.2 G
14835 6 35.7 G
14838 5 37.8 G
14846 6 38.7 G
14847 6 36.2 G
14858 8 37.2 G
14859 8 38.6 G
14861 8 37.6 G
14865 12 34.4 G
14869 12 36.9 G
14870 1 27.0 A
14888 35 36.9 G
14889 35 38.2 G
14890 1 28.0 A
14900 35 35.9 G
14905 38 36.2 G
14910 1 16.0 A
14918 52 35.8 G
14919 1 16.0 A
14921 53 35.4 G
14930 56 36.6 G
14945 65 36.0 G
14958 59 36.3 G
14960 59 37.1 G
14963 56 38.4 G
14972 65 36.9 G
14973 65 37.8 G
14976 68 37.4 G
14985 67 37.4 G
14996 78 36.7 G
15002 81 36.1 G
15003 76 37.6 G
15005 72 36.8 G
15024 79 35.6 G
15041 90 35.7 G
15042 90 35.0 G
15043 85 36.0 G
15045 94 36.1 G
15047 94 35.4 G
15048 93 35.8 G
15053 1 14.0 T
15059 107 36.8 G
15060 107 37.5 G
15070 1 40.0 C
15077 115 37.4 G
15084 120 37.4 G
15088 1 34.0 C
15092 122 37.2 G
15093 118 37.6 G
15106 130 36.0 G
15110 126 37.3 G
15115 1 16.0 T
15119 121 37.3 G
15125 120 37.5 G
15131 1 40.0 A
15134 118 37.2 G
15135 117 37.6 G
15140 113 37.5 G
15148 106 36.6 G
15150 96 34.6 G
15152 100 36.5 G
15153 102 36.0 G
15168 97 36.6 G
15170 96 36.5 G
15171 95 34.6 G
15172 98 35.1 G
15173 97 36.9 G
15179 99 36.9 G
15200 85 36.9 G
15213 1 16.0 T
15215 82 35.6 G
15216 82 35.3 G
15217 82 37.1 G
15221 80 36.6 G
15227 78 35.3 G
15234 81 37.5 G
15240 81 38.0 G
15242 79 36.6 G
15243 81 37.7 G
15245 79 35.6 G
15246 74 37.4 G
15254 69 37.1 G
15257 69 37.1 G
15261 63 36.9 G
15276 68 37.1 G
15301 91 36.0 G
15309 1 16.0 T
15314 112 35.9 G
15317 121 36.6 G
15323 133 37.0 G
15326 124 36.7 A
15337 1 16.0 C
15346 214 35.3 G
15350 226 36.8 G
15355 241 36.6 G
15356 243 36.1 G
15357 244 36.7 G
15370 1 13.0 C
15374 302 35.9 G
15375 307 35.7 G
15383 1 15.0 T
15392 351 36.8 G
15397 1 16.0 A
15405 1 16.0 T
15410 2 32.5 C
15411 1 14.0 C
15426 1 16.0 A
15428 504 36.3 G
15431 539 36.1 G
15437 597 35.6 G
15438 605 35.8 G
15440 1 14.0 T
15446 1 16.0 C
15447 1 14.0 T
15448 1 16.0 C
15449 1 15.0 T
15450 1 14.0 T
15454 2 16.0 T
15458 1 39.0 T
15462 2 16.0 T
15463 2 16.0 A
15464 1 16.0 A
15466 956 36.3 G
15474 1 34.0 C
15475 1 15.0 A
15482 2 15.5 T
15483 1 16.0 C
15484 1 15.0 A
15485 1 16.0 C
15487 3 39.7 A
15488 1362 36.6 G
15489 2 25.5 A
15490 2 25.0 C
15491 1 13.0 C
15492 1 14.0 T
15494 1 27.0 C
15497 1469 35.9 G
15498 1485 35.7 G
15500 1565 35.7 G
15502 1 14.0 C
15506 1667 37.0 G
15509 1 14.0 A
15511 1 16.0 T
15515 1 36.0 A
15518 4 27.2 C
15520 2 26.0 A
15521 1861 36.3 G
15523 1 14.0 C
15528 1 39.0 C
15530 3 14.7 T
15531 1 16.0 T
15533 1 16.0 A
15536 1 15.0 A
15541 2 14.5 T
15543 1 14.0 C
15549 1 16.0 T
15551 1 31.0 A
15553 2441 36.0 G
15554 1 16.0 C
15557 2541 36.8 G
15559 1 34.0 A
15561 2595 36.9 G
15562 1 16.0 A
15563 1 16.0 T
15566 2 16.0 T
15567 1 16.0 T
15569 2 30.5 C
15570 2 14.5 T
15572 1 27.0 T
15574 1 16.0 C
15575 2769 35.8 G
15577 1 14.0 C
15578 1 14.0 T
15579 2 32.5 A
15581 2 21.0 A
15583 1 40.0 A
15585 1 16.0 T
15586 1 15.0 T
15587 1 16.0 C
15588 1 16.0 T
15589 1 16.0 C
15591 3159 36.5 G
15592 1 38.0 A
15593 4 13.2 T
15596 3292 36.8 G
15597 1 34.0 T
15598 2 25.0 C
15599 1 14.0 C
15600 2 14.0 C
15601 2 13.5 T
15604 1 27.0 C
15605 2 15.0 A
15606 1 16.0 A
15607 28 33.9 A
15609 1 14.0 T
15610 1 34.0 A
15611 3502 36.6 G
15612 3525 36.5 G
15613 3 31.0 A
15614 3562 35.9 G
15615 3571 36.2 G
15617 3668 36.4 G
15618 2 20.5 T
15620 1 14.0 C
15621 1 13.0 T
15623 3780 35.9 G
15625 2 14.0 C
15629 1 36.0 T
15630 2 16.0 T
15631 3 28.7 A
15633 1 16.0 T
15634 2 25.0 A
15635 2 21.5 T
15637 3 21.3 C
15638 2 26.0 A
15639 4 22.5 T
15640 1 15.0 C
15641 1 14.0 C
15642 1 14.0 T
15644 3 18.3 A
15645 1 15.0 T
15647 1 16.0 C
15650 3861 37.1 G
15652 2 13.5 A
15658 2 16.0 C
15659 2 16.0 C
15663 4 18.2 T
15664 1 16.0 C
15665 1 15.0 C
15666 2 14.0 T
15669 1 28.0 A
15671 1 27.0 A
15672 2 16.0 T
15673 1 16.0 A
15676 2 28.0 C
15677 2 15.0 A
15678 2 15.5 A
15681 1 15.0 A
15682 3 19.7 A
15683 1 16.0 C
15684 1 14.0 A
15685 2 23.0 A
15686 1 15.0 A
15687 3628 36.7 G
15688 1 16.0 C
15689 1 34.0 A
15690 1 15.0 T
15691 1 39.0 A
15694 2 28.0 A
15695 1 15.0 T
15696 2 16.0 T
15697 1 16.0 T
15699 3332 35.9 G
15701 1 39.0 C
15702 1 27.0 C
15704 1 16.0 C
15706 1 15.0 A
15708 3227 36.3 G
15711 1 14.0 A
15712 2 16.0 A
15713 1 16.0 T
15716 1 16.0 C
15717 1 15.0 T
15720 2 15.5 A
15721 1 15.0 T
15723 2716 35.8 G
15725 1 15.0 C
15727 1 16.0 C
15731 2500 36.5 G
15733 2 26.0 C
15734 2468 36.3 G
15736 1 13.0 A
15737 2431 35.5 G
15738 1 13.0 A
15740 2 26.0 C
15743 1 35.0 C
15745 1 40.0 C
15747 1 16.0 T
15749 2 15.5 C
15750 1 13.0 T
15756 1823 36.8 G
15759 1 15.0 T
15761 1693 37.1 G
15762 1670 37.1 G
15764 1615 35.6 G
15765 1589 36.1 G
15768 2 13.5 A
15770 3 15.3 C
15773 1381 37.0 G
15776 7 38.0 A
15777 1237 36.6 G
15779 1 13.0 T
15781 1 14.0 C
15782 1 15.0 C
15787 1 16.0 T
15797 757 35.6 G
15798 742 36.4 G
15803 619 36.7 G
15806 574 36.8 G
15808 1 14.0 A
15809 1 15.0 T
15812 483 37.4 G
15825 1 16.0 C
15863 82 36.4 G
15882 31 33.8 G
15883 30 35.5 G
15884 29 36.4 G
15888 6 33.0 G
15894 4 37.5 G
15897 4 39.2 G
15915 3 35.0 G
15920 3 32.0 G
15927 3 28.7 G
15928 3 37.0 G
15930 3 25.0 G
15933 3 38.0 G
15949 3 35.0 G
15950 3 27.7 G
15959 21 38.1 G
15961 21 39.0 G
15967 21 38.1 G
15986 21 37.8 G
15995 21 37.6 G
16000 21 38.3 G
16023 1 40.0 G
16084 1 36.0 G
16089 1 39.0 G
16096 3 39.3 G
16106 4 36.2 G
16110 4 39.0 G
16118 5 39.2 G
16125 5 39.2 G
16129 7 37.3 G
16130 7 37.9 G
16145 9 39.1 G
16153 11 37.3 G
16156 12 38.2 G
16178 1 16.0 T
16189 1 14.0 T
16196 23 37.9 G
16204 22 38.3 G
16208 22 39.1 G
16213 22 38.6 G
16224 1 16.0 T
16238 1 15.0 T
16243 1 13.0 T
16244 36 37.4 G
16254 1 13.0 A
16255 35 37.6 G
16272 1 14.0 A
16273 40 36.9 G
16274 40 36.7 G
16303 55 37.0 G
16310 64 37.3 G
16319 64 36.7 G
16329 60 37.1 G
16336 55 38.2 G
16342 1 14.0 T
16346 59 36.9 G
16361 61 36.6 G
16369 61 36.5 G
16370 56 37.7 G
16373 56 36.1 G
16384 47 37.0 G
16388 46 38.0 G
16389 46 36.3 G
16390 46 36.4 G
16391 46 37.6 G
16398 41 36.9 G
16412 26 38.2 G
16414 29 37.2 G
16428 24 35.6 G
16434 23 36.9 G
16436 22 37.0 G
16438 23 36.4 G
16450 20 35.9 G
16455 17 36.5 G
16456 17 35.9 G
16457 17 37.4 G
16469 1 13.0 T
16470 21 36.5 G
16471 21 37.3 G
16472 21 36.3 G
16473 21 35.7 G
16474 21 38.3 G
16477 22 38.4 G
16482 22 37.2 A
16483 23 37.6 G
16485 23 38.0 G
16490 23 36.8 G
16496 23 37.4 G
16503 23 38.0 G
16504 20 37.8 G
16516 11 38.3 G
16517 10 39.0 G
16518 11 39.2 G
16526 11 39.3 G
16535 11 38.4 G
16543 9 38.1 G
16558 7 36.1 G
16566 3 35.7 G
16569 3 35.7 G
