3 12 33.9 T
10 16 32.7 T
12 17 31.4 T
14 17 32.8 T
20 21 33.7 T
22 22 34.0 T
23 22 33.0 T
30 26 27.1 T
40 33 29.7 T
42 36 34.0 T
46 37 34.2 T
50 41 34.2 T
51 44 32.0 T
52 44 30.5 T
55 44 36.5 T
57 44 33.2 T
58 44 34.0 T
59 43 31.7 T
60 45 31.9 T
63 47 32.0 T
65 48 34.5 T
72 51 36.4 T
74 52 35.4 T
83 58 36.3 T
88 61 33.8 T
89 61 34.6 T
99 51 36.1 T
115 50 35.2 T
117 47 33.4 T
119 48 33.7 T
125 48 37.9 T
127 50 36.6 T
129 49 36.0 T
131 49 37.2 T
133 46 36.4 T
134 46 36.2 T
135 46 36.3 T
138 49 35.9 T
139 47 33.6 T
142 47 37.1 T
146 46 35.7 T
149 41 34.9 T
152 40 37.9 T
154 41 35.7 T
155 41 36.0 T
157 40 35.1 T
158 38 35.4 T
159 39 36.1 T
161 37 36.6 T
168 38 37.0 T
172 37 36.5 T
173 37 36.8 T
177 40 36.4 T
179 42 35.3 T
180 45 36.4 T
192 52 35.9 T
195 54 36.0 T
196 58 37.2 T
199 64 36.7 T
204 1 15.0 T
206 63 36.7 T
208 66 37.6 T
209 66 37.2 T
212 63 37.1 T
213 63 37.3 T
216 69 36.4 T
217 71 36.8 T
220 71 37.3 T
223 68 36.5 T
224 71 37.2 T
226 74 37.9 T
233 76 36.5 T
236 74 36.1 T
239 1 39.0 T
245 85 36.2 T
246 86 36.8 T
250 86 36.8 T
252 86 36.7 T
254 86 36.9 T
265 83 33.0 T
266 84 35.1 T
267 83 35.3 T
268 2 34.5 C
279 62 34.9 T
282 60 36.3 T
292 52 33.7 T
293 53 32.7 T
294 49 32.1 T
310 1 15.0 T
318 19 32.5 T
319 19 34.9 T
321 21 35.3 T
324 2 16.0 C
333 39 35.6 T
334 40 37.3 T
336 1 16.0 A
342 165 32.9 T
344 168 32.7 T
346 170 36.0 T
372 184 35.3 T
383 187 35.7 T
391 192 35.3 T
392 191 35.6 T
393 192 36.1 T
397 1 30.0 A
398 193 36.4 T
399 194 36.3 T
400 194 36.2 T
401 194 36.7 T
403 194 36.4 T
405 189 36.5 T
406 185 36.5 T
407 110 37.3 T
408 86 37.7 T
414 59 37.2 T
416 56 35.4 T
418 1 39.0 C
421 55 34.5 T
422 54 35.7 T
423 52 35.9 T
424 52 35.1 T
430 41 37.8 T
442 26 27.8 T
447 1 14.0 C
449 23 28.8 T
450 24 33.3 T
452 24 30.3 T
453 24 30.7 T
454 22 30.7 T
455 22 33.4 T
456 1 15.0 C
460 17 25.1 T
466 17 24.4 T
471 17 28.1 T
472 1 15.0 A
474 16 26.7 T
477 15 29.0 T
480 15 28.5 T
482 10 28.9 T
485 8 30.6 T
489 9 29.6 T
504 5 22.2 T
507 4 37.7 T
528 4 25.2 T
531 3 32.3 T
539 3 33.3 T
650 34 36.9 T
654 33 36.6 T
655 34 34.9 T
656 53 36.6 T
659 53 36.9 T
662 53 36.4 T
667 53 34.9 T
668 53 35.0 T
669 53 34.8 T
671 53 36.5 T
673 53 36.8 T
674 53 37.1 T
678 53 33.8 T
680 53 34.3 T
681 53 36.2 T
684 53 37.9 T
689 53 32.5 T
690 53 35.4 T
696 53 35.2 T
704 53 35.9 T
710 53 35.9 T
711 53 35.1 T
716 53 32.5 T
720 18 34.6 T
721 18 35.0 T
742 21 36.4 T
758 21 37.9 T
773 21 37.1 T
779 21 34.3 T
788 21 37.0 T
789 21 37.0 T
794 21 37.8 T
821 11 39.4 T
824 11 38.1 T
825 11 39.2 T
830 11 38.2 T
831 11 37.5 T
832 13 38.7 T
838 15 37.9 T
848 21 35.6 T
849 21 37.8 T
850 21 37.9 T
854 29 37.8 T
859 33 34.8 T
861 32 37.7 T
864 33 37.3 T
875 45 37.8 T
876 46 37.6 T
879 46 37.5 T
883 50 37.0 T
884 49 38.2 T
885 54 38.0 T
888 57 37.0 T
889 1 15.0 G
891 1 13.0 C
903 72 36.1 T
911 77 34.7 T
912 77 36.2 T
921 114 37.0 T
925 124 37.4 T
937 136 36.9 T
944 164 38.0 T
946 176 36.6 T
947 177 37.0 T
948 177 36.8 T
949 178 37.6 T
953 182 36.9 T
961 190 35.6 T
967 1 16.0 A
968 204 36.3 T
974 213 36.6 T
976 1 16.0 A
980 212 37.6 T
985 212 38.4 T
989 190 36.5 T
990 190 36.7 T
992 190 37.1 T
1000 194 36.7 T
1005 247 36.9 T
1006 250 36.5 T
1009 3 39.3 C
1016 231 36.7 T
1020 1 37.0 C
1021 229 36.9 T
1029 217 37.9 T
1033 221 35.3 T
1034 216 36.7 T
1035 212 37.2 T
1038 1 16.0 C
1040 220 37.4 T
1042 220 36.2 T
1044 207 37.1 T
1046 1 16.0 A
1050 1 16.0 C
1054 1 15.0 A
1055 201 36.0 T
1058 1 34.0 C
1059 200 36.4 T
1066 1 39.0 C
1071 134 37.3 T
1072 3 31.7 G
1073 1 16.0 G
1076 134 36.2 T
1077 131 37.7 T
1081 131 36.7 T
1089 118 37.0 T
1091 118 37.5 T
1094 114 36.8 T
1095 108 37.8 T
1101 103 37.1 T
1107 85 36.4 T
1114 85 35.9 T
1115 84 37.0 T
1119 87 36.8 T
1121 1 15.0 A
1129 82 37.8 T
1130 1 15.0 G
1132 79 36.6 T
1135 1 14.0 C
1144 64 36.5 T
1157 55 34.1 T
1158 54 37.1 T
1164 39 34.3 T
1169 1 16.0 G
1174 50 36.7 T
1180 51 35.6 T
1181 1 13.0 G
1183 59 34.2 T
1184 59 35.9 T
1187 66 36.3 T
1189 70 34.5 T
1193 92 34.7 T
1195 91 35.5 T
1205 140 35.9 T
1207 142 35.9 T
1208 148 36.4 T
1210 151 37.6 T
1212 156 37.6 T
1215 159 37.0 T
1219 181 36.4 T
1229 224 34.0 T
1235 258 34.7 T
1243 286 35.3 T
1245 305 36.0 T
1246 308 36.4 T
1249 317 35.1 T
1253 1 37.0 C
1255 336 34.9 T
1257 356 35.2 T
1259 373 35.7 T
1263 1 16.0 G
1267 411 36.5 T
1269 419 35.9 T
1270 425 36.5 T
1276 1 16.0 A
1281 480 35.9 T
1283 1 39.0 A
1284 518 36.1 T
1291 534 35.9 T
1292 1 16.0 A
1293 1 30.0 C
1295 1 13.0 A
1298 535 37.4 T
1308 558 37.6 T
1311 1 31.0 C
1313 1 40.0 A
1316 598 37.4 T
1320 1 16.0 G
1321 1 16.0 A
1324 624 34.9 T
1325 628 35.9 T
1329 611 36.6 T
1335 622 37.6 T
1336 1 14.0 G
1337 631 37.8 T
1341 1 16.0 C
1344 624 35.8 T
1345 1 16.0 G
1346 1 16.0 A
1349 639 36.2 T
1350 1 38.0 G
1353 1 16.0 A
1355 1 31.0 G
1359 627 36.9 T
1360 1 13.0 G
1361 2 16.0 G
1364 615 36.7 T
1368 604 37.6 T
1369 599 37.2 T
1370 592 37.4 T
1371 581 37.3 T
1373 551 37.0 T
1378 2 15.5 C
1383 1 15.0 A
1386 545 36.9 T
1389 1 16.0 G
1391 539 36.4 T
1393 2 20.0 G
1395 2 14.5 C
1396 1 16.0 C
1397 528 36.8 T
1398 524 37.1 T
1400 524 37.0 T
1406 478 36.4 T
1407 473 37.1 T
1413 415 37.0 T
1416 2 13.5 A
1418 10 37.7 G
1420 349 36.9 T
1424 329 36.1 T
1425 326 37.2 T
1426 324 37.4 T
1432 301 38.7 T
1437 272 37.2 T
1442 1 16.0 G
1443 249 37.1 T
1448 223 37.1 T
1451 205 36.9 T
1452 203 37.1 T
1455 185 36.8 T
1456 180 36.8 T
1468 151 37.5 T
1477 118 37.0 T
1481 1 15.0 C
1490 61 38.4 T
1496 50 35.8 T
1499 40 37.1 T
1504 34 37.9 T
1506 34 38.1 T
1509 36 37.9 T
1510 36 38.0 T
1520 36 37.9 T
1521 36 37.6 T
1522 36 38.2 T
1526 32 39.1 T
1535 28 38.3 T
1541 19 34.0 T
1542 19 34.8 T
1543 19 34.7 T
1545 19 35.1 T
1547 19 37.1 T
1548 1 13.0 A
1560 15 38.0 T
1563 15 37.6 T
1568 12 34.9 T
1571 9 38.6 T
1575 8 36.0 T
1577 7 38.7 T
1580 7 38.0 T
1587 5 32.8 T
1592 3 37.3 T
1593 3 31.0 T
1607 9 39.2 T
1609 9 39.3 T
1613 9 37.4 T
1614 9 37.3 T
1632 9 36.6 T
1633 9 38.6 T
1638 9 35.7 T
1639 9 38.6 T
1646 9 36.6 T
1647 9 38.8 T
1648 9 38.4 T
1653 9 38.7 T
1654 9 35.1 T
1658 9 38.2 T
1659 9 39.1 T
1666 9 31.7 T
1668 9 34.6 T
1673 205 37.7 T
1679 205 38.0 T
1694 205 36.1 T
1700 205 37.2 T
1701 205 37.3 T
1704 205 37.3 T
1716 207 37.3 T
1717 207 37.8 T
1728 207 36.5 T
1729 206 35.4 T
1730 207 36.3 T
1738 198 30.8 T
1743 14 37.6 T
1745 14 34.2 T
1752 15 36.1 T
1758 14 35.5 T
1759 15 35.9 T
1766 12 37.7 T
1774 21 31.1 T
1778 24 37.1 T
1780 24 36.5 T
1783 24 37.5 T
1799 36 35.1 T
1806 41 35.6 T
1807 41 36.6 T
1809 53 35.6 T
1819 60 37.2 T
1822 61 35.8 T
1824 64 36.1 T
1834 68 36.3 T
1841 65 36.1 T
1843 73 36.2 T
1847 78 36.1 T
1848 78 35.4 T
1850 83 35.3 T
1854 96 36.9 T
1857 99 36.1 T
1861 106 35.9 T
1862 109 37.1 T
1866 115 36.6 T
1872 111 37.2 T
1876 113 37.6 T
1877 113 37.3 T
1878 113 37.5 T
1879 1 15.0 G
1880 1 40.0 C
1896 139 36.8 T
1920 157 36.1 T
1924 165 36.4 T
1934 183 34.5 T
1950 196 37.2 T
1952 199 35.9 T
1953 1 37.0 A
1954 201 36.3 T
1956 204 37.9 T
1964 215 37.0 T
1967 228 38.2 T
1969 1 30.0 G
1975 258 36.0 T
1976 257 36.5 T
1977 259 36.6 T
1979 247 37.4 T
1983 255 37.8 T
1998 291 37.6 T
2002 1 27.0 G
2007 296 38.3 T
2010 297 37.4 T
2011 1 13.0 G
2013 297 37.2 T
2017 306 37.9 T
2020 308 36.9 T
2021 311 37.7 T
2023 315 38.2 T
2027 1 27.0 A
2030 326 37.3 T
2035 338 36.9 T
2037 347 37.0 T
2038 348 38.1 T
2041 350 37.6 T
2042 350 37.9 T
2047 349 38.0 T
2048 347 38.0 T
2049 354 38.3 T
2053 361 37.2 T
2054 366 37.7 T
2055 343 38.3 T
2059 1 16.0 C
2062 1 40.0 A
2069 346 36.0 T
2071 350 35.8 T
2074 1 13.0 A
2075 344 36.9 T
2080 349 37.7 T
2081 365 37.9 T
2083 365 38.2 T
2087 377 36.3 T
2088 368 36.3 T
2089 371 37.0 T
2093 373 37.9 T
2095 374 38.3 T
2096 379 38.0 T
2099 379 37.6 T
2115 387 35.8 T
2117 396 37.0 T
2118 391 37.3 T
2119 392 37.1 T
2124 1 40.0 A
2126 412 37.4 T
2138 435 37.8 T
2139 438 37.5 T
2141 445 38.0 T
2150 459 36.4 T
2157 460 36.4 T
2158 457 36.4 T
2159 463 36.8 T
2162 1 14.0 C
2168 480 37.0 T
2171 493 38.0 T
2177 502 36.6 T
2183 3 39.7 C
2184 1 27.0 A
2191 1 16.0 A
2193 498 36.0 T
2194 504 35.9 T
2199 1 16.0 A
2202 2 39.0 C
2204 505 35.3 T
2205 500 35.3 T
2211 501 35.4 T
2212 1 16.0 C
2222 465 35.4 T
2226 469 35.8 T
2232 1 16.0 A
2233 462 36.4 T
2238 1 15.0 A
2242 439 37.3 T
2244 418 37.2 T
2248 417 36.8 T
2253 426 35.8 T
2256 419 34.9 T
2258 1 15.0 A
2266 407 36.0 T
2267 398 36.6 T
2268 1 40.0 G
2269 1 14.0 G
2275 384 36.3 T
2277 370 35.2 T
2279 383 36.3 T
2285 376 37.4 T
2287 381 37.6 T
2290 1 14.0 A
2294 1 27.0 A
2296 367 38.1 T
2297 1 14.0 A
2299 376 38.0 T
2301 374 37.2 T
2302 369 37.7 T
2305 369 37.6 T
2307 361 37.9 T
2311 363 37.9 T
2316 357 38.1 T
2317 1 14.0 G
2324 357 38.0 T
2325 352 38.5 T
2327 359 36.6 T
2330 355 37.5 T
2336 366 37.5 T
2342 375 37.0 T
2344 3 39.3 C
2346 378 37.7 T
2351 372 36.4 T
2352 371 36.5 T
2355 1 15.0 A
2360 352 37.9 T
2361 1 16.0 G
2364 1 16.0 C
2365 336 37.2 T
2371 318 36.3 T
2372 318 37.0 T
2375 1 31.0 C
2383 293 37.1 T
2385 289 37.1 T
2387 280 36.4 T
2392 262 37.1 T
2404 237 37.3 T
2407 229 37.4 T
2408 229 37.4 T
2410 223 37.0 T
2411 223 37.5 T
2416 213 36.8 T
2420 212 37.6 T
2422 212 37.7 T
2439 181 35.2 T
2442 160 32.8 T
2445 149 34.2 T
2455 141 34.8 T
2456 143 34.7 T
2465 129 37.7 T
2475 125 36.3 T
2483 121 36.3 T
2485 122 36.4 T
2486 122 37.7 T
2488 1 16.0 C
2495 117 37.5 T
2497 118 35.9 T
2498 120 35.1 T
2499 123 35.6 T
2507 1 15.0 A
2510 98 37.2 T
2515 98 35.5 T
2517 95 36.7 T
2520 1 16.0 C
2522 92 35.6 T
2529 86 38.0 T
2531 88 37.5 T
2532 87 38.2 T
2541 1 40.0 C
2545 83 36.8 T
2552 78 36.8 T
2558 1 15.0 A
2559 71 36.9 T
2561 97 37.0 T
2562 99 36.5 T
2563 99 37.2 T
2568 1 16.0 G
2575 112 36.6 T
2577 1 39.0 C
2580 105 35.4 T
2586 103 36.0 T
2594 107 36.3 T
2599 107 36.3 T
2602 109 36.5 T
2606 118 37.3 T
2607 118 37.2 T
2609 123 36.5 T
2610 120 37.0 T
2613 115 36.1 T
2614 87 37.1 T
2617 49 36.7 A
2618 117 36.9 T
2626 129 36.0 T
2628 106 36.9 T
2630 109 35.9 T
2634 108 36.9 T
2638 111 35.1 T
2648 126 37.0 T
2649 132 37.1 T
2650 2 39.0 C
2654 144 37.6 T
2656 147 37.6 T
2658 148 36.3 T
2660 155 37.1 T
2661 157 37.7 T
2664 169 37.5 T
2665 169 37.5 T
2666 171 37.2 T
2667 170 37.9 T
2674 161 36.2 T
2676 1 34.0 A
2679 166 37.2 T
2680 167 37.5 T
2682 1 16.0 A
2685 169 38.5 T
2686 1 13.0 G
2691 171 36.3 T
2699 1 39.0 C
2703 1 39.0 C
2704 2 13.5 A
2705 197 34.7 T
2706 1 15.0 A
2727 1 16.0 C
2729 209 33.1 T
2730 3 14.7 A
2731 224 34.6 T
2737 256 35.2 T
2738 263 36.7 T
2739 269 37.5 T
2740 2 14.5 A
2742 277 35.5 T
2743 280 36.4 T
2744 283 37.3 T
2745 1 15.0 A
2746 289 35.5 T
2747 295 37.0 T
2748 2 27.0 A
2750 303 35.2 T
2759 345 36.7 T
2760 1 16.0 A
2763 351 35.1 T
2778 395 36.6 T
2781 405 36.5 T
2786 461 36.6 T
2795 495 36.7 T
2796 1 13.0 G
2799 509 35.9 T
2800 500 36.2 T
2806 542 31.3 T
2807 550 30.6 T
2808 554 33.7 T
2812 577 36.3 T
2813 584 36.7 T
2817 1 13.0 G
2818 3 36.3 C
2823 669 35.0 T
2827 1 15.0 A
2829 1 15.0 C
2830 1 13.0 A
2833 1 16.0 A
2834 1 38.0 C
2835 1 16.0 C
2838 1 15.0 A
2841 727 35.9 T
2845 1 16.0 A
2847 1 40.0 C
2850 811 37.2 T
2852 1 37.0 C
2854 850 37.5 T
2857 849 36.2 T
2858 1 35.0 A
2863 872 36.2 T
2864 876 37.0 T
2869 1 39.0 A
2871 916 37.7 T
2874 1 15.0 A
2880 1 16.0 A
2882 1015 37.4 T
2885 1016 37.7 T
2887 1026 37.7 T
2890 1019 36.3 T
2893 1 16.0 A
2894 1038 37.0 T
2895 1045 37.6 T
2898 1064 36.9 T
2901 1 16.0 A
2902 1 15.0 A
2903 1072 37.5 T
2907 1112 37.6 T
2908 1104 37.9 T
2909 3 14.7 G
2920 1 16.0 C
2924 1169 37.5 T
2925 1179 37.7 T
2929 1 14.0 C
2930 1206 36.5 T
2933 1 16.0 G
2936 1320 37.0 T
2940 3 16.0 A
2941 1 16.0 G
2943 2 37.0 G
2944 1 15.0 C
2945 1 40.0 A
2946 1 14.0 A
2947 1397 36.3 T
2949 1 40.0 C
2950 1379 37.4 T
2951 1 15.0 A
2952 1377 37.6 T
2953 1395 37.7 T
2955 1401 38.0 T
2960 1423 36.6 T
2964 1426 37.2 T
2966 1431 36.9 T
2968 1 16.0 A
2971 2 15.5 A
2973 1438 37.0 T
2975 1 39.0 G
2978 1403 36.6 T
2979 1406 37.0 T
2980 1412 37.3 T
2982 1 40.0 C
2986 1 15.0 C
2987 1458 36.5 T
2991 1487 37.1 T
2992 1 13.0 G
2993 1483 37.9 T
2994 1487 38.0 T
2995 3 17.7 G
2996 1 40.0 G
2998 1476 36.2 T
2999 1 14.0 C
3000 1 16.0 A
3001 3 31.0 G
3004 1 16.0 C
3006 1422 37.3 T
3007 1 39.0 C
3011 1 16.0 A
3012 1380 37.0 T
3013 2 13.0 G
3015 1341 37.8 T
3016 1 13.0 G
3017 1 40.0 C
3020 1 14.0 C
3021 2 16.0 C
3024 1308 34.0 T
3026 1304 36.0 T
3027 1299 37.0 T
3028 1 16.0 A
3029 1 16.0 A
3030 2 14.5 A
3033 1225 38.1 T
3034 1214 37.7 T
3037 1148 36.9 T
3038 1151 37.3 T
3039 1135 37.4 T
3041 1095 37.6 T
3042 1085 37.5 T
3043 1 16.0 C
3047 2 15.5 G
3049 1011 36.7 T
3050 1007 37.6 T
3052 1 16.0 A
3053 2 14.5 A
3055 938 38.1 T
3058 906 37.9 T
3060 1 16.0 C
3062 857 38.5 T
3063 6 15.7 G
3065 821 37.1 T
3067 802 37.7 T
3071 766 37.5 T
3072 760 37.8 T
3078 1 16.0 C
3082 1 15.0 G
3083 619 37.6 T
3084 1 15.0 A
3086 566 37.5 T
3092 496 37.9 T
3096 452 36.1 T
3097 444 36.5 T
3098 437 37.4 T
3099 1 39.0 C
3100 418 37.9 T
3101 1 39.0 A
3102 396 37.0 T
3103 1 39.0 C
3104 375 36.6 T
3105 1 37.0 A
3107 67 36.9 N
3108 343 37.5 T
3109 278 38.0 T
3112 1 13.0 A
3114 279 37.4 T
3115 279 37.8 T
3117 1 16.0 C
3118 254 37.6 T
3122 227 37.0 T
3124 206 38.2 T
3128 1 16.0 A
3136 1 15.0 A
3139 1 14.0 G
3143 120 36.3 T
3150 99 36.7 T
3153 94 36.8 T
3154 93 37.7 T
3166 57 36.3 T
3167 58 36.9 T
3174 41 37.8 T
3178 35 33.6 T
3181 29 34.1 T
3183 26 32.9 T
3186 25 35.5 T
3188 20 30.1 T
3193 15 31.3 T
3194 15 33.8 T
3197 13 36.1 T
3199 12 33.7 T
3200 13 34.8 T
3202 11 33.7 T
3212 1 36.0 C
3227 3 26.3 T
3228 3 36.7 T
3229 3 28.0 T
3231 4 33.2 T
3232 3 38.3 T
3237 3 38.0 T
3250 3 38.3 T
3253 3 37.3 T
3258 3 39.0 T
3264 5 32.8 T
3265 5 36.4 T
3271 5 36.6 T
3272 5 37.2 T
3273 5 36.2 T
3278 5 37.0 T
3285 5 34.4 T
3286 5 33.6 T
3290 5 36.0 T
3291 5 36.6 T
3294 5 35.8 T
3296 5 38.8 T
3297 5 38.6 T
3299 2 23.0 T
3300 2 37.0 T
3308 8 37.0 T
3314 8 39.0 T
3323 8 37.5 T
3326 8 37.0 T
3329 8 37.1 T
3332 8 38.2 T
3335 8 37.2 T
3336 8 36.5 T
3338 8 37.9 T
3344 9 34.3 T
3345 9 37.8 T
3347 9 37.3 T
3350 9 36.6 T
3356 13 36.8 T
3361 11 36.9 T
3362 11 35.6 T
3365 13 37.0 T
3368 13 34.5 T
3371 13 35.2 T
3372 13 37.4 T
3386 31 37.2 T
3387 31 37.9 T
3389 34 37.4 T
3394 34 36.9 T
3396 37 37.1 T
3398 37 37.2 T
3404 35 38.4 T
3422 40 36.6 T
3423 40 38.2 T
3425 41 37.9 T
3433 43 36.7 T
3435 1 15.0 C
3440 43 33.1 T
3443 42 36.7 T
3451 25 36.6 T
3452 27 37.3 T
3456 34 36.1 T
3464 34 36.9 T
3470 36 37.8 T
3472 36 35.7 T
3473 36 38.1 T
3488 37 35.2 T
3497 1 15.0 C
3502 38 36.6 T
3504 37 35.6 T
3509 39 36.1 T
3515 40 34.6 T
3517 36 34.6 T
3521 38 36.9 T
3535 43 36.7 T
3536 43 37.3 T
3540 51 31.0 T
3542 56 33.6 T
3548 49 35.6 T
3552 48 33.0 T
3554 43 34.1 T
3555 44 36.0 T
3557 44 34.3 T
3560 42 36.7 T
3562 43 35.2 T
3563 1 14.0 G
3567 1 16.0 C
3572 41 28.8 T
3578 72 33.8 T
3580 1 16.0 C
3584 1 16.0 A
3590 85 33.9 T
3593 85 35.4 T
3596 1 16.0 A
3599 94 34.8 T
3605 107 36.8 T
3607 1 16.0 G
3611 110 35.2 T
3614 113 36.7 T
3616 116 35.7 T
3617 116 36.6 T
3618 116 37.8 T
3620 118 37.3 T
3621 120 37.0 T
3623 122 36.4 T
3631 122 36.0 T
3633 126 36.6 T
3638 123 37.1 T
3644 118 33.8 T
3645 88 36.7 T
3646 89 36.3 T
3649 93 37.0 T
3653 99 36.5 T
3656 102 37.4 T
3658 103 37.8 T
3661 104 37.4 T
3667 113 37.4 T
3673 112 36.6 T
3678 1 16.0 C
3679 106 35.3 T
3685 100 37.2 T
3692 105 34.8 T
3695 104 34.9 T
3704 112 36.3 T
3705 1 16.0 G
3713 150 37.2 T
3725 151 36.7 T
3727 145 36.0 T
3730 162 37.7 T
3732 160 37.7 T
3737 164 36.8 T
3741 1 16.0 C
3743 171 37.3 T
3749 181 36.7 T
3752 202 36.4 T
3753 207 36.1 T
3755 215 36.2 T
3758 215 36.8 T
3760 217 35.9 T
3766 230 36.7 T
3767 231 37.4 T
3770 249 38.1 T
3773 281 37.3 T
3777 301 37.0 T
3781 303 33.3 T
3784 324 35.3 T
3785 330 35.6 T
3786 335 36.3 T
3791 344 34.2 T
3793 348 34.7 T
3800 375 37.1 T
3801 381 36.7 T
3803 404 35.8 T
3804 1 40.0 C
3806 1 16.0 C
3810 1 39.0 A
3815 1 16.0 A
3821 482 36.5 T
3823 507 37.5 T
3826 546 36.0 T
3827 573 36.6 T
3830 589 36.4 T
3833 607 37.2 T
3838 689 37.0 T
3841 778 37.4 T
3845 2 28.0 C
3847 834 36.5 T
3848 832 37.1 T
3851 1 39.0 C
3852 1 39.0 C
3854 927 37.0 T
3857 976 37.1 T
3858 1 15.0 A
3859 991 36.9 T
3861 2 27.5 A
3862 1050 34.5 T
3863 1085 35.1 T
3864 1099 35.9 T
3866 1117 35.4 T
3868 1153 34.5 T
3875 1230 37.2 T
3876 1 15.0 A
3879 1 16.0 A
3882 2 27.5 G
3884 1 27.0 C
3887 1 30.0 A
3891 1 15.0 A
3892 2 20.5 A
3895 2 23.0 C
3897 1 16.0 C
3898 1709 36.4 T
3899 1711 37.5 T
3905 1860 37.1 T
3906 1902 37.3 T
3907 3 14.3 G
3908 1 16.0 C
3912 2 26.5 A
3916 1 15.0 G
3917 1 16.0 A
3919 2029 36.2 T
3921 1 35.0 C
3923 2 16.0 A
3926 2078 37.4 T
3929 2098 36.9 T
3931 2146 35.6 T
3932 1 14.0 C
3933 1 31.0 A
3934 1 16.0 G
3937 2153 34.2 T
3938 2159 35.6 T
3941 1 16.0 A
3944 2170 37.7 T
3946 3 23.7 G
3949 2203 36.8 T
3951 5 39.4 C
3955 1 16.0 G
3957 1 13.0 A
3958 1 14.0 G
3959 1 15.0 G
3960 4 38.7 C
3961 3 16.0 C
3962 2 27.0 C
3964 2442 36.0 T
3965 2440 36.1 T
3966 2 15.5 C
3967 1 16.0 G
3971 2545 36.7 T
3972 1 14.0 A
3973 2526 36.4 T
3974 2526 37.2 T
3975 1 30.0 C
3976 2560 36.5 T
3977 2496 37.3 T
3978 2 33.5 C
3980 2541 37.3 T
3981 1 37.0 A
3983 1 36.0 C
3985 1 40.0 G
3986 2 27.0 A
3987 2 20.0 A
3988 2625 34.6 T
3991 1 16.0 A
3993 1 15.0 A
3995 3 26.3 A
3996 1 16.0 C
3998 2767 36.4 T
3999 2748 37.2 T
4001 2724 35.7 T
4002 2730 36.6 T
4004 2708 36.3 T
4005 1 13.0 A
4006 1 15.0 A
4007 2738 36.2 T
4008 1 16.0 A
4012 2 14.0 A
4014 3 15.0 C
4016 2782 34.7 T
4021 1 16.0 A
4022 1 16.0 C
4023 2880 36.4 T
4025 1 16.0 C
4026 2 16.0 A
4028 2936 37.0 T
4030 2927 37.4 T
4031 2917 37.7 T
4033 1 16.0 C
4034 2965 37.8 T
4038 3 24.0 A
4039 1 16.0 A
4040 1 27.0 C
4043 1 15.0 C
4044 2 15.0 A
4045 2984 37.6 T
4047 2970 37.3 T
4050 2 39.5 C
4051 1 16.0 G
4052 2 15.0 C
4053 1 13.0 A
4054 1 34.0 C
4055 2766 34.6 T
4057 2715 35.0 T
4060 3 16.0 C
4062 2685 37.2 T
4063 1 16.0 G
4064 1 16.0 A
4067 2558 35.9 T
4069 2543 36.6 T
4070 1 16.0 A
4071 1 40.0 C
4072 1 14.0 A
4075 1 39.0 A
4077 1 16.0 A
4078 2406 37.7 T
4080 2376 37.1 T
4081 2358 37.7 T
4082 2333 38.3 T
4083 2310 37.9 T
4084 1 13.0 G
4085 2248 37.6 T
4086 1 16.0 C
4088 1 15.0 C
4090 3 15.3 A
4094 1 16.0 C
4095 1 15.0 C
4096 1 37.0 C
4097 2007 35.8 T
4100 1948 36.4 T
4101 1937 36.5 T
4103 1890 36.7 T
4105 2 16.0 A
4108 1732 37.1 T
4109 1 14.0 C
4112 1651 37.9 T
4114 1597 36.6 T
4115 1569 36.9 T
4117 1507 37.1 T
4118 1470 37.9 T
4120 1418 37.7 T
4121 2 13.5 G
4124 1289 36.7 T
4125 1264 37.9 T
4126 1 36.0 C
4129 1 16.0 A
4130 1 40.0 C
4133 1 36.0 C
4135 1045 37.0 T
4138 1 16.0 C
4140 1 16.0 C
4141 4 30.7 C
4144 872 35.7 T
4145 862 37.1 T
4150 756 36.7 T
4154 1 31.0 A
4160 561 35.9 T
4163 519 36.9 T
4168 1 15.0 C
4169 457 35.5 T
4172 430 37.2 T
4174 409 36.6 T
4175 1 35.0 G
4183 289 36.1 T
4184 281 36.3 T
4187 238 35.3 T
4192 1 14.0 C
4193 168 34.1 T
4199 127 35.8 T
4204 111 35.3 T
4205 106 36.2 T
4208 84 36.5 T
4209 80 37.9 T
4211 72 37.2 T
4213 72 37.4 T
4216 65 37.1 T
4218 56 36.1 T
4220 54 35.8 T
4222 53 34.2 T
4226 44 36.7 T
4232 32 35.3 T
4233 31 35.9 T
4238 29 36.8 T
4240 26 37.3 T
4247 22 34.8 T
4248 21 35.9 T
4251 1 16.0 C
4254 16 34.1 T
4261 11 36.7 T
4404 6 38.3 T
4409 6 39.5 T
4414 6 35.5 T
4418 6 39.7 T
4423 6 33.5 T
4425 6 38.2 T
4434 6 36.7 T
4445 6 38.5 T
4447 6 39.2 T
4448 6 39.3 T
4451 6 38.3 T
4452 6 37.3 T
4454 6 37.8 T
4459 6 38.3 T
4460 6 38.7 T
4465 6 36.8 T
4468 6 37.0 T
4471 10 29.8 T
4472 10 33.6 T
4475 10 35.4 T
4480 10 34.1 T
4492 9 35.6 T
4495 10 34.1 T
4497 10 33.1 T
4500 10 33.6 T
4502 10 30.7 T
4507 10 35.3 T
4509 10 32.3 T
4510 10 37.1 T
4511 10 35.5 T
4516 1 27.0 G
4522 10 32.0 T
4525 10 32.9 T
4534 10 30.1 T
4539 2 38.5 T
4600 2 35.0 T
4612 2 38.5 T
4619 2 40.0 T
4622 3 36.3 T
4623 3 38.0 T
4634 3 39.7 T
4639 3 39.7 T
4644 3 39.3 T
4646 3 40.0 T
4647 3 40.0 T
4648 3 40.0 T
4651 6 36.3 T
4668 17 37.1 T
4672 17 37.6 T
4675 18 37.5 T
4678 18 38.2 T
4679 18 37.8 T
4681 19 38.3 T
4684 19 38.6 T
4688 19 37.5 T
4690 19 35.9 T
4693 19 36.6 T
4695 19 36.7 T
4696 19 36.1 T
4703 17 37.2 T
4705 17 38.0 T
4708 18 37.8 T
4710 18 37.2 T
4719 19 37.7 T
4726 19 38.6 T
4733 21 36.5 T
4736 21 37.2 T
4742 21 36.3 T
4746 21 38.6 T
4749 18 35.4 T
4752 16 35.8 T
4755 14 34.4 T
4756 10 35.8 T
4759 9 33.1 T
4762 7 38.9 T
4765 7 38.6 T
4768 7 38.0 T
4772 7 34.4 T
4774 8 36.9 T
4780 10 36.6 T
4786 15 37.6 T
4792 19 38.2 T
4800 24 35.5 T
4801 24 36.8 T
4802 24 36.4 T
4806 23 38.3 T
4807 23 38.5 T
4809 26 36.5 T
4813 35 37.1 T
4822 36 36.5 T
4823 36 37.1 T
4838 39 36.3 T
4840 50 37.8 T
4845 59 37.4 T
4852 60 37.6 T
4855 57 36.5 T
4856 60 37.2 T
4858 64 35.8 T
4859 64 36.5 T
4861 63 36.2 T
4866 67 36.9 T
4876 68 37.1 T
4885 67 36.0 T
4887 70 35.7 T
4891 73 35.5 T
4894 74 36.4 T
4896 72 34.2 T
4902 1 15.0 A
4903 77 34.3 T
4905 81 33.7 T
4906 1 16.0 C
4907 78 34.9 T
4911 74 35.0 T
4915 74 35.4 T
4921 77 38.2 T
4926 1 15.0 C
4927 84 32.3 T
4928 84 33.1 T
4930 81 32.1 T
4933 84 31.8 T
4937 81 33.6 T
4939 82 33.8 T
4941 77 33.3 T
4945 77 37.2 T
4947 86 36.7 T
4948 89 37.3 T
4950 90 36.6 T
4954 103 37.0 T
4957 109 37.3 T
4967 132 37.5 T
4968 136 38.0 T
4973 144 37.8 T
4977 157 34.9 T
4978 154 35.8 T
4982 1 16.0 C
4985 1 15.0 A
4993 178 36.7 T
5002 219 36.4 T
5004 236 36.7 T
5005 237 37.3 T
5007 1 34.0 G
5008 1 34.0 C
5010 267 37.3 T
5013 269 36.2 T
5016 270 35.7 T
5018 1 16.0 A
5020 303 35.7 T
5021 301 36.2 T
5029 317 37.5 T
5033 1 16.0 A
5034 321 36.5 T
5038 342 37.1 T
5041 378 36.6 T
5047 395 36.7 T
5048 395 36.2 T
5050 412 36.4 T
5055 481 36.8 T
5063 539 36.9 T
5068 579 36.3 T
5074 623 35.7 T
5075 631 36.1 T
5077 643 36.3 T
5078 651 37.3 T
5081 695 36.2 T
5082 704 35.5 T
5083 718 35.9 T
5087 799 36.5 T
5089 822 35.7 T
5090 845 35.5 T
5091 861 36.1 T
5093 878 36.8 T
5095 892 35.7 T
5096 931 35.9 T
5098 961 35.8 T
5101 1020 36.9 T
5103 1 34.0 A
5105 1082 36.8 T
5107 1 16.0 C
5108 1131 36.8 T
5110 1 16.0 C
5114 1 13.0 A
5115 1289 35.1 T
5116 1293 35.3 T
5119 1322 35.7 T
5120 1 16.0 A
5122 1385 36.8 T
5125 1411 35.7 T
5130 1452 36.6 T
5131 1474 36.8 T
5136 1524 36.3 T
5138 1 16.0 C
5141 1 16.0 C
5146 1 39.0 C
5148 1 16.0 A
5151 1 15.0 C
5152 1634 36.4 T
5154 1 16.0 C
5155 1628 37.2 T
5158 1642 37.3 T
5160 1619 36.2 T
5162 1628 36.5 T
5167 1 15.0 C
5169 1647 36.4 T
5173 1 13.0 A
5174 1 16.0 C
5176 1 16.0 A
5177 1 13.0 G
5179 1742 35.1 T
5181 1 16.0 A
5182 2 38.5 C
5183 1 16.0 A
5184 1780 37.0 T
5185 4 27.2 G
5188 1761 35.4 T
5192 2 27.5 A
5196 1703 36.5 T
5197 1706 37.3 T
5199 1 37.0 A
5200 1708 35.5 T
5201 1692 36.3 T
5203 1 16.0 C
5204 1 16.0 A
5205 1669 36.5 T
5209 2 16.0 C
5212 1590 34.5 T
5215 1622 35.1 T
5217 1593 34.8 T
5218 1 16.0 C
5220 1 15.0 C
5221 1607 37.6 T
5227 1 40.0 G
5230 1666 36.7 T
5231 3 13.0 G
5232 1 40.0 C
5234 1 16.0 C
5235 2 25.0 C
5236 1 39.0 C
5238 1 39.0 C
5239 1754 34.3 T
5245 1 27.0 G
5246 5 35.4 C
5247 1824 33.9 T
5248 1846 35.4 T
5249 1854 37.0 T
5250 1869 37.8 T
5251 1871 37.7 T
5252 3 18.3 G
5253 2 40.0 C
5256 1 27.0 A
5259 1943 36.7 T
5260 1 16.0 G
5261 1 27.0 G
5263 5 25.0 C
5265 1 15.0 A
5266 2051 36.2 T
5267 2066 36.3 T
5268 1 15.0 A
5269 2079 37.0 T
5273 1 15.0 A
5274 1 15.0 G
5275 1 14.0 A
5277 2129 35.1 T
5278 2137 35.3 T
5281 1 16.0 C
5282 2 21.5 A
5284 1 16.0 A
5286 1 16.0 A
5287 1 15.0 A
5290 1 16.0 A
5291 2150 36.5 T
5292 1 16.0 A
5294 3 40.0 C
5296 2187 34.0 T
5298 2 27.5 A
5299 2206 34.7 T
5302 2235 35.4 T
5304 3 15.3 C
5307 1 16.0 A
5308 1 16.0 C
5311 2238 36.1 T
5313 3 28.7 A
5314 2219 36.8 T
5317 1 27.0 C
5318 1 30.0 C
5321 3 30.3 C
5323 2152 35.0 T
5324 1 27.0 C
5325 1 38.0 A
5327 3 19.7 C
5329 2055 35.2 T
5331 1 16.0 C
5332 2055 36.4 T
5333 2067 37.1 T
5337 1 38.0 C
5338 1882 35.5 T
5340 1868 35.9 T
5343 1810 36.6 T
5344 1801 36.8 T
5346 1763 37.1 T
5348 1 27.0 C
5350 1682 37.9 T
5354 2 34.0 C
5356 1605 36.8 T
5358 1 16.0 A
5359 1558 36.2 T
5361 1506 36.2 T
5363 1 16.0 C
5364 1427 36.3 T
5365 1 16.0 C
5370 1263 36.5 T
5372 1 16.0 A
5373 1 16.0 A
5374 1197 36.6 T
5379 1 40.0 C
5380 1108 37.0 T
5383 1077 36.1 T
5384 1 16.0 C
5386 1 16.0 C
5389 966 37.2 T
5390 1 15.0 A
5391 924 35.9 T
5393 884 35.7 T
5401 693 36.8 T
5404 1 16.0 A
5407 591 36.9 T
5411 1 16.0 A
5412 526 36.9 T
5415 1 40.0 C
5418 459 35.7 T
5419 447 36.7 T
5420 438 36.6 T
5422 1 40.0 A
5426 384 36.1 T
5430 2 15.0 A
5437 1 14.0 C
5442 240 35.2 T
5443 234 36.1 T
5446 212 35.0 T
5455 155 34.8 T
5458 140 36.5 T
5464 112 34.8 T
5465 108 37.1 T
5473 70 32.2 T
5476 58 32.6 T
5479 57 34.2 T
5483 51 34.7 T
5485 49 32.8 T
5487 44 33.7 T
5492 34 36.2 T
5493 34 37.9 T
5494 32 37.4 T
5495 30 36.7 T
5497 28 35.1 T
5500 23 36.5 T
5503 21 36.1 T
5506 18 37.1 T
5508 15 32.0 T
5509 12 34.2 T
5511 9 29.0 T
5580 22 37.0 T
5587 25 36.2 T
5594 25 37.7 T
5607 25 32.1 T
5609 25 35.1 T
5613 25 36.7 T
5618 25 36.9 T
5628 25 34.8 T
5636 25 34.6 T
5637 25 33.2 T
5638 26 34.3 T
5641 26 35.8 T
5642 26 35.1 T
5647 23 30.3 T
5654 2 38.5 T
5655 2 33.5 T
5658 2 34.0 T
5666 5 34.2 T
5672 5 32.0 T
5673 5 32.2 T
5688 5 37.8 T
5689 5 37.4 T
5692 5 35.2 T
5693 5 36.8 T
5700 5 35.6 T
5709 5 37.2 T
5712 5 37.8 T
5717 7 37.3 T
5721 6 29.8 T
5722 7 31.0 T
5726 7 35.4 T
5728 6 38.3 T
5731 7 38.6 T
5732 7 37.4 T
5734 7 36.0 T
5774 3 38.3 T
5775 3 39.3 T
5776 3 39.0 T
5782 4 30.0 T
5785 4 26.7 T
5786 4 37.5 T
5788 4 37.7 T
5789 4 37.2 T
5794 4 36.7 T
5795 4 37.7 T
5796 4 39.0 T
5801 4 39.2 T
5802 4 33.2 T
5806 4 39.5 T
5808 4 32.7 T
5814 3 37.3 T
5819 3 39.3 T
5826 3 39.3 T
5829 4 38.7 T
5841 4 38.7 T
5848 4 36.0 T
5850 4 35.5 T
5852 4 36.5 T
5853 4 38.2 T
5854 4 38.2 T
5858 4 37.2 T
5859 4 39.0 T
5860 8 36.4 T
5865 8 38.5 T
5870 10 36.4 T
5873 10 36.6 T
5874 10 38.9 T
5878 9 38.8 T
5885 10 37.4 T
5886 10 37.5 T
5887 10 36.1 T
5888 10 35.2 T
5892 10 36.4 T
5902 12 37.4 T
5905 12 37.7 T
5907 12 37.7 T
5908 12 38.2 T
5918 12 38.0 T
5919 12 37.0 T
5923 12 37.7 T
5925 15 33.9 T
5926 15 35.8 T
5928 15 34.2 T
5930 18 34.9 T
5935 1 15.0 A
5947 30 36.6 T
5948 31 36.3 T
5956 33 35.7 T
5958 30 37.7 T
5962 30 37.6 T
5964 33 36.3 T
5965 33 36.9 T
5967 35 36.0 T
5968 35 36.7 T
5972 1 34.0 C
5976 33 36.6 T
5981 33 37.7 T
5986 35 37.5 T
5989 41 37.8 T
5999 44 36.7 T
6001 44 38.1 T
6007 44 36.3 T
6010 47 37.0 T
6011 47 36.4 T
6013 48 37.8 T
6014 48 37.5 T
6025 53 36.6 T
6039 1 15.0 A
6043 42 36.0 T
6044 42 37.0 T
6046 42 36.3 T
6050 44 36.5 T
6061 40 35.8 T
6063 40 35.1 T
6070 38 37.8 T
6071 37 36.8 T
6073 37 37.0 T
6076 37 37.1 T
6086 31 37.1 T
6090 32 35.5 T
6091 34 36.2 T
6092 34 36.6 T
6094 34 37.4 T
6097 34 36.6 T
6100 34 35.3 T
6102 34 35.0 T
6103 35 36.0 T
6105 35 36.6 T
6106 36 37.5 T
6109 33 37.8 T
6112 42 36.2 T
6115 42 35.7 T
6121 39 35.2 T
6124 38 36.4 T
6127 41 33.5 T
6135 47 35.2 T
6136 47 36.9 T
6137 47 36.1 T
6144 59 37.3 T
6148 61 37.4 T
6151 62 36.6 T
6152 63 35.5 T
6155 1 16.0 C
6157 69 35.7 T
6160 69 35.6 T
6163 70 36.0 T
6167 77 36.0 T
6176 109 34.0 T
6178 110 35.7 T
6183 115 35.9 T
6184 115 35.4 T
6185 117 35.5 T
6193 139 35.5 T
6202 145 37.4 T
6207 164 35.5 T
6208 167 36.6 T
6210 159 37.4 T
6214 176 35.6 T
6216 181 35.4 T
6217 181 36.5 T
6221 194 35.6 T
6225 206 36.3 T
6227 207 36.0 T
6229 214 35.0 T
6232 221 36.6 T
6235 222 35.9 T
6238 222 37.0 T
6241 228 36.9 T
6246 225 37.0 T
6248 236 36.9 T
6251 245 37.3 T
6253 255 37.5 T
6256 255 38.1 T
6278 266 37.1 T
6279 268 37.3 T
6286 279 37.1 T
6288 302 35.8 T
6293 315 36.5 T
6295 1 15.0 C
6297 322 37.5 T
6298 328 37.7 T
6307 1 15.0 A
6309 351 37.6 T
6312 353 35.4 T
6320 355 37.5 T
6327 393 36.2 T
6331 410 37.8 T
6337 428 36.6 T
6342 1 39.0 A
6343 454 35.8 T
6345 454 35.1 T
6346 451 36.4 T
6348 453 35.1 T
6351 456 37.0 T
6352 463 37.6 T
6354 1 15.0 C
6358 513 37.2 T
6364 1 15.0 G
6365 521 37.2 T
6366 1 15.0 G
6367 515 36.3 T
6369 518 35.4 T
6372 514 36.8 T
6374 517 37.0 T
6376 521 36.9 T
6378 526 37.0 T
6379 528 37.9 T
6382 2 15.0 G
6387 1 14.0 A
6388 521 37.1 T
6392 537 36.7 T
6393 540 36.0 T
6394 543 36.8 T
6397 551 36.2 T
6401 1 16.0 A
6406 544 36.5 T
6407 540 36.9 T
6409 543 36.6 T
6413 548 36.0 T
6415 545 36.8 T
6419 1 15.0 A
6425 556 36.7 T
6429 1 16.0 A
6430 560 36.7 T
6431 1 16.0 A
6436 1 16.0 A
6438 567 36.1 T
6445 1 16.0 C
6451 530 35.0 T
6453 517 36.0 T
6454 519 37.4 T
6457 497 37.7 T
6459 504 36.8 T
6462 498 36.2 T
6466 490 36.8 T
6469 495 37.3 T
6472 495 36.8 T
6481 475 36.9 T
6484 466 37.6 T
6487 468 37.4 T
6488 465 37.5 T
6490 458 36.7 T
6493 420 37.8 T
6495 410 36.6 T
6497 409 36.3 T
6499 401 36.9 T
6505 399 37.8 T
6508 392 38.2 T
6512 397 36.8 T
6515 381 37.0 T
6520 361 36.1 T
6524 346 36.5 T
6526 330 36.8 T
6529 318 37.1 T
6532 308 37.5 T
6534 1 16.0 A
6547 280 35.7 T
6548 1 13.0 C
6558 244 36.5 T
6559 240 37.1 T
6561 238 36.0 T
6562 240 37.0 T
6589 247 36.2 T
6590 248 36.3 T
6592 245 37.0 T
6594 242 37.1 T
6604 237 36.4 T
6606 244 36.3 T
6607 240 37.3 T
6609 238 37.7 T
6612 232 35.9 T
6613 235 36.9 T
6614 234 36.5 T
6615 238 37.1 T
6616 241 37.4 T
6617 1 35.0 C
6620 255 37.6 T
6623 1 15.0 C
6626 259 37.5 T
6631 260 36.3 T
6632 267 36.1 T
6633 260 36.7 T
6635 259 36.9 T
6637 261 36.8 T
6638 259 37.3 T
6640 255 37.1 T
6641 254 37.8 T
6643 255 37.4 T
6646 253 37.2 T
6654 225 35.9 T
6655 225 36.9 T
6656 1 16.0 C
6661 227 36.6 T
6664 228 35.9 T
6666 230 34.9 T
6671 231 37.1 T
6673 230 36.9 T
6674 232 36.9 T
6676 232 37.6 T
6678 1 16.0 A
6680 231 36.8 T
6681 238 37.0 T
6684 242 37.7 T
6687 242 37.0 T
6705 222 37.1 T
6706 218 36.9 T
6707 217 37.6 T
6711 209 36.8 T
6715 200 36.4 T
6719 177 37.2 T
6721 174 37.1 T
6724 165 37.3 T
6726 160 36.8 T
6728 1 16.0 A
6730 1 24.0 C
6731 150 37.1 T
6733 147 36.9 T
6736 140 37.2 T
6737 1 15.0 A
6738 140 35.8 T
6742 112 36.7 T
6743 113 37.6 T
6746 1 16.0 C
6747 108 35.9 T
6748 108 37.5 T
6751 104 37.2 T
6756 107 36.7 T
6757 104 36.8 T
6758 103 36.4 T
6760 97 36.6 T
6763 93 38.1 T
6765 87 37.9 T
6774 1 15.0 C
6776 64 36.2 T
6778 64 36.0 T
6780 53 36.1 T
6781 54 35.4 T
6782 53 36.0 T
6787 51 37.3 T
6793 43 37.9 T
6799 43 38.0 T
6813 50 37.7 T
6815 50 37.7 T
6816 49 37.1 T
6817 55 37.2 T
6822 55 36.9 T
6827 59 36.6 T
6832 57 38.2 T
6835 56 37.0 T
6838 56 37.4 T
6842 67 36.1 T
6844 67 37.2 T
6856 81 36.4 T
6862 92 37.5 T
6864 95 36.3 T
6865 99 37.3 T
6866 105 37.5 T
6870 122 37.1 T
6874 146 37.2 T
6883 160 35.8 T
6896 204 36.9 T
6898 211 36.5 T
6903 232 36.3 T
6906 226 36.5 T
6908 231 37.2 T
6911 243 36.8 T
6913 1 39.0 C
6916 267 37.2 T
6919 286 36.1 T
6921 294 37.6 T
6922 1 13.0 G
6923 1 38.0 A
6928 333 36.9 T
6932 1 16.0 A
6933 348 33.9 T
6934 347 35.2 T
6937 359 37.2 T
6939 354 37.1 T
6940 350 37.3 T
6941 348 37.9 T
6943 371 37.6 T
6944 372 37.5 T
6945 370 37.5 T
6946 374 37.8 T
6950 1 30.0 C
6952 373 38.1 T
6956 366 37.3 T
6959 1 27.0 C
6961 388 37.4 T
6965 371 36.6 T
6970 351 35.7 T
6971 349 36.7 T
6973 347 37.4 T
6975 342 36.9 T
6976 342 37.6 T
6979 1 15.0 C
6984 328 35.6 T
6987 323 36.6 T
6991 342 36.8 T
6994 1 16.0 A
6997 344 36.5 T
7000 325 37.9 T
7003 335 37.3 T
7007 1 39.0 C
7012 1 38.0 C
7014 306 37.7 T
7017 297 37.3 T
7021 321 37.1 T
7022 311 37.0 T
7024 297 37.3 T
7028 3 24.0 C
7032 303 36.1 T
7033 313 36.5 T
7038 335 36.1 T
7039 1 14.0 A
7040 351 36.5 T
7041 1 16.0 G
7042 341 37.3 T
7045 362 36.3 T
7047 357 36.6 T
7051 499 35.8 T
7054 1 16.0 G
7058 664 35.7 T
7060 713 37.0 T
7062 753 36.1 T
7063 774 36.6 T
7064 812 36.9 T
7069 979 36.4 T
7072 1131 36.8 T
7075 1 40.0 G
7080 1462 35.0 T
7081 1513 36.4 T
7082 1 16.0 C
7084 1682 36.1 T
7085 1739 36.5 T
7089 1905 37.3 T
7092 1987 36.4 T
7093 2022 35.9 T
7094 2079 36.4 T
7096 1 27.0 C
7099 2303 36.7 T
7101 2408 37.2 T
7102 2480 37.1 T
7104 2606 36.8 T
7106 1 27.0 A
7108 1 16.0 G
7110 3079 35.7 T
7114 1 16.0 C
7115 3 16.0 C
7116 1 16.0 C
7117 3421 37.0 T
7119 3 15.7 G
7120 1 13.0 A
7122 1 27.0 C
7123 1 15.0 A
7128 4034 37.2 T
7130 2 28.0 C
7131 2 25.0 G
7132 4 36.2 C
7133 1 14.0 C
7135 2 15.0 A
7136 2 16.0 A
7137 3 15.7 A
7138 4764 36.8 T
7139 5 32.4 C
7140 4 21.7 C
7141 1 16.0 A
7142 5066 37.2 T
7143 5126 36.8 T
7144 5185 36.8 T
7145 1 16.0 C
7147 1 15.0 C
7148 5367 36.4 T
7149 1 27.0 A
7150 5466 36.7 T
7151 1 27.0 C
7152 2 23.0 A
7153 5669 37.3 T
7154 1 39.0 A
7155 5839 36.8 T
7156 5944 36.8 T
7159 6169 36.7 T
7160 8 37.5 C
7161 1 16.0 G
7162 4 23.2 G
7163 3 35.3 C
7164 1 14.0 G
7165 6793 35.7 T
7166 1 14.0 A
7167 6 17.0 A
7168 4 15.0 A
7169 7011 35.6 T
7171 7180 36.0 T
7172 1 15.0 A
7173 2 23.5 A
7174 1 40.0 C
7175 7408 37.5 T
7176 7493 37.5 T
7177 7508 37.6 T
7178 1 16.0 C
7179 7660 36.6 T
7180 7713 36.8 T
7181 1 16.0 C
7182 3 16.0 C
7184 2 21.5 A
7185 1 16.0 C
7187 1 16.0 A
7189 4 18.2 A
7190 1 37.0 C
7191 8416 36.9 T
7192 8462 37.1 T
7193 8567 37.6 T
7195 8788 36.8 T
7196 9 36.2 C
7198 3 15.3 G
7199 4 32.5 C
7200 3 23.3 C
7201 9499 37.0 T
7202 2 16.0 A
7203 9644 36.8 T
7204 1 36.0 C
7205 13 35.4 C
7206 4 19.5 G
7207 4 20.5 G
7208 3 18.0 A
7209 5 14.4 A
7210 10252 36.9 T
7211 8 14.5 G
7212 23 38.0 C
7213 6 20.7 C
7214 2 28.0 C
7215 5 21.8 C
7216 1 16.0 G
7217 4 29.0 A
7218 9 33.4 C
7219 3 22.0 G
7220 11122 37.0 T
7221 11208 37.6 T
7223 3 35.7 C
7224 11329 36.9 T
7225 3 39.7 C
7226 2 27.5 G
7227 3 16.0 G
7228 9 17.4 A
7229 3 22.7 C
7230 11726 36.3 T
7231 1 16.0 A
7233 4 15.7 C
7234 5 19.6 C
7235 3 15.0 C
7236 4 25.5 G
7237 3 14.7 A
7238 12095 36.0 T
7239 9 15.4 G
7240 14 35.4 C
7241 6 19.5 A
7242 12356 36.3 T
7243 4 18.2 A
7244 3 36.3 C
7245 6 19.5 A
7246 8 36.6 C
7247 2 16.0 C
7248 4 19.7 A
7249 2 39.0 C
7250 2 15.5 A
7251 12426 37.3 T
7252 10 19.9 G
7253 2 38.5 A
7254 8 17.0 A
7255 2 15.0 A
7256 1 39.0 C
7257 3 15.3 A
7258 12323 36.5 T
7259 2 15.5 C
7260 17 33.0 C
7261 12228 36.7 T
7262 4 21.0 A
7263 12141 36.2 T
7264 1 16.0 C
7265 7 16.4 A
7266 12212 37.0 T
7267 1 15.0 C
7268 12290 36.7 T
7270 12241 37.9 T
7271 1 16.0 A
7272 3 24.0 G
7273 4 18.5 G
7274 4 27.0 C
7275 12021 34.9 T
7277 4 15.2 A
7278 11972 36.5 T
7279 11955 37.1 T
7281 4 20.7 A
7282 11934 37.1 T
7283 11951 37.1 T
7284 11925 37.2 T
7285 2 15.5 C
7286 11835 35.9 T
7288 11949 36.7 T
7289 5 13.6 A
7290 4 21.2 A
7291 1 16.0 C
7292 8 14.7 A
7293 2 15.5 G
7294 4 21.0 C
7295 3 15.0 A
7296 1 16.0 G
7297 11623 36.7 T
7298 1 13.0 A
7299 1 16.0 A
7300 11311 36.5 T
7301 2 15.0 A
7302 11274 36.5 T
7303 11208 37.1 T
7305 1 16.0 A
7306 10900 37.4 T
7307 1 14.0 A
7308 2 16.0 A
7309 10766 37.2 T
7310 10763 36.6 T
7311 10653 36.6 T
7312 10643 36.9 T
7313 2 27.5 C
7314 6 19.2 A
7315 10405 37.1 T
7316 1 37.0 G
7317 4 21.7 A
7318 10117 35.6 T
7319 10051 36.5 T
7320 9998 37.1 T
7321 17 15.8 G
7322 2 27.5 A
7323 11 21.3 G
7324 1 22.0 A
7325 1 40.0 A
7326 1 16.0 G
7327 23 37.8 C
7328 11 36.0 C
7329 9267 37.3 T
7330 9203 37.5 T
7331 1 39.0 C
7332 3 23.7 G
7333 1 39.0 C
7334 8783 35.3 T
7335 8712 36.6 T
7336 1 16.0 C
7337 3 23.3 G
7338 2 16.0 A
7339 4 17.5 A
7340 2 15.5 G
7341 1 36.0 C
7342 1 16.0 G
7343 4 21.0 A
7344 4 18.7 A
7345 4 13.5 A
7346 4 15.5 A
7347 2 14.0 G
7348 7665 37.0 T
7349 2 27.0 C
7350 1 15.0 C
7351 7378 37.0 T
7352 1 15.0 A
7353 2 15.0 A
7354 7187 37.2 T
7355 3 13.7 A
7356 1 15.0 G
7357 6965 37.7 T
7358 1 13.0 A
7359 1 39.0 G
7360 2 21.0 A
7361 3 16.0 A
7362 1 40.0 G
7363 3 16.0 A
7364 4 21.2 A
7365 2 16.0 C
7366 1 16.0 C
7367 3 15.0 C
7368 5785 36.2 T
7369 1 40.0 C
7370 3 15.3 C
7372 5523 37.1 T
7374 1 16.0 A
7375 1 15.0 A
7376 1 39.0 C
7377 1 16.0 C
7378 5023 37.3 T
7379 2 13.0 G
7380 3 19.3 G
7381 1 14.0 A
7383 4586 35.9 T
7384 4 14.2 G
7385 1 15.0 A
7386 1 16.0 C
7387 4066 36.4 T
7389 3895 37.5 T
7391 3683 37.4 T
7392 1 13.0 G
7395 3259 36.5 T
7396 5 32.2 G
7397 2 30.5 C
7398 3 21.7 C
7399 5 15.6 C
7400 3 15.3 C
7401 1 14.0 C
7402 2 13.0 C
7403 1 13.0 A
7406 1 16.0 C
7407 2285 34.4 T
7408 4 14.5 A
7410 2 27.5 C
7411 2 15.0 A
7412 2 14.0 C
7413 1 16.0 A
7414 2 25.5 C
7415 3 15.7 A
7416 1644 34.7 T
7417 1585 36.5 T
7418 2 20.0 C
7420 1 15.0 A
7421 2 15.0 A
7423 3 15.3 A
7424 1 16.0 A
7425 2 36.5 C
7426 1 16.0 C
7427 2 37.5 C
7429 1136 34.1 T
7430 3 14.3 A
7431 1046 33.4 T
7434 1 14.0 A
7435 840 32.5 T
7436 2 14.5 A
7438 1 15.0 A
7439 1 14.0 A
7440 720 33.2 T
7442 641 33.4 T
7443 1 16.0 A
7452 2 14.5 A
7458 1 16.0 G
7461 333 34.3 T
7463 1 14.0 G
7474 1 14.0 A
7477 199 34.0 T
7480 181 33.7 T
7481 182 34.7 T
7482 182 36.1 T
7496 93 34.1 T
7501 74 33.8 T
7505 64 35.2 T
7507 1 39.0 A
7509 51 36.2 T
7510 50 36.0 T
7511 47 36.6 T
7512 47 36.3 T
7513 40 36.0 T
7587 147 36.1 T
7594 181 37.6 T
7605 181 37.9 T
7609 181 37.1 T
7611 181 36.1 T
7619 1 31.0 G
7621 199 35.4 T
7624 199 35.1 T
7625 199 36.1 T
7630 199 36.7 T
7632 199 35.3 T
7633 1 13.0 C
7635 199 36.8 T
7641 1 15.0 A
7644 201 33.8 T
7645 204 34.9 T
7647 203 33.5 T
7652 203 35.5 T
7653 203 36.4 T
7654 60 37.3 T
7657 25 38.0 T
7660 25 37.4 T
7668 25 36.4 T
7671 25 37.3 T
7674 25 36.3 T
7677 25 36.6 T
7678 25 35.0 T
7679 25 36.4 T
7680 25 36.9 T
7683 26 32.5 T
7684 9 30.0 T
7686 9 35.2 T
7688 9 34.3 T
7691 9 33.1 T
7692 9 35.7 T
7695 9 39.2 T
7698 9 35.3 T
7701 14 37.2 T
7703 14 35.6 T
7705 14 35.0 T
7710 19 35.7 T
7711 17 34.4 T
7712 19 35.4 T
7713 21 33.4 T
7716 28 34.9 T
7722 32 30.5 T
7734 51 35.9 T
7738 55 36.2 T
7741 60 35.7 T
7742 1 16.0 A
7744 61 36.5 T
7749 74 36.0 T
7751 79 35.5 T
7759 104 34.7 T
7767 148 36.9 T
7776 189 36.9 T
7778 203 36.6 T
7779 2 38.0 G
7783 215 36.9 T
7785 227 35.6 T
7788 242 37.2 T
7793 1 16.0 G
7794 1 39.0 C
7797 280 35.7 T
7800 303 35.0 T
7803 308 37.4 T
7806 321 36.3 T
7809 338 36.4 T
7812 358 36.6 T
7813 2 40.0 C
7818 384 34.8 T
7820 1 16.0 C
7821 1 15.0 C
7823 395 36.2 T
7827 434 36.3 T
7831 5 34.6 C
7833 479 35.4 T
7835 1 16.0 C
7836 469 36.3 T
7837 483 36.0 T
7838 489 36.5 T
7842 526 37.0 T
7844 1 16.0 A
7854 722 35.9 T
7856 1 16.0 A
7860 1 14.0 A
7861 933 35.1 T
7865 987 35.3 T
7869 1074 36.3 T
7870 1097 37.2 T
7874 2 35.0 A
7875 1220 35.8 T
7880 1296 36.0 T
7882 9 33.9 A
7883 1 16.0 A
7884 1406 36.8 T
7885 1422 36.9 T
7888 1 36.0 C
7889 1 16.0 C
7890 1 16.0 A
7892 2 27.5 C
7895 1751 36.7 T
7897 1 16.0 G
7898 1853 37.4 T
7901 1975 36.9 T
7902 1 16.0 G
7903 1 15.0 A
7906 1 16.0 C
7907 2243 36.6 T
7909 3 37.7 C
7911 2 16.0 A
7913 2532 36.2 T
7914 1 40.0 A
7922 3070 36.2 T
7924 5 36.4 C
7925 1 16.0 G
7926 2 15.5 G
7928 3 30.7 G
7932 3868 36.2 T
7934 1 16.0 A
7935 4008 36.4 T
7937 4120 35.5 T
7938 4189 36.4 T
7940 6 15.8 A
7941 1 15.0 A
7942 1 14.0 C
7943 4386 35.5 T
7945 1 16.0 C
7946 4551 36.2 T
7950 4829 36.5 T
7953 4996 35.7 T
7954 5005 35.5 T
7956 1 16.0 C
7957 1 16.0 C
7958 1 16.0 C
7960 2 37.5 A
7961 5365 36.2 T
7962 5439 36.5 T
7963 1 14.0 A
7964 5576 36.0 T
7965 5667 36.3 T
7966 2 14.5 C
7967 2 26.0 C
7968 5868 36.3 T
7970 3 15.7 G
7972 1 15.0 A
7973 2 16.0 C
7974 2 39.5 C
7975 1 15.0 A
7976 2 21.5 G
7977 4 21.7 G
7978 11 36.0 C
7979 4 15.2 G
7980 3 18.3 A
7981 3 27.7 C
7982 1 13.0 C
7983 7278 36.0 T
7984 4 15.7 G
7985 6 33.8 C
7986 2 16.0 G
7987 3 14.7 A
7988 2 21.5 C
7989 7799 34.9 T
7990 1 39.0 C
7992 7921 36.8 T
7993 7984 37.1 T
7994 9 14.8 G
7995 1 40.0 A
7996 10 36.3 C
7998 8302 37.2 T
7999 8350 36.9 T
8000 14 14.5 G
8001 6 30.2 A
8002 6 23.3 C
8003 2 23.0 A
8005 8466 36.7 T
8006 2 40.0 C
8007 5 24.8 G
8008 5 17.8 A
8009 2 15.0 G
8010 8716 36.2 T
8011 1 16.0 A
8012 1 13.0 G
8013 8881 37.6 T
8014 1 39.0 A
8015 1 31.0 C
8016 8989 36.2 T
8017 2 15.5 C
8018 3 22.7 C
8019 5 33.6 C
8020 1 34.0 G
8021 2 16.0 A
8022 9235 35.8 T
8023 9243 36.6 T
8024 18 16.6 G
8025 3 16.0 A
8026 4 21.5 A
8027 2 15.0 G
8028 4 32.7 C
8029 4 15.7 C
8030 9 21.7 C
8031 4 15.0 C
8032 2 16.0 C
8033 3 13.0 A
8034 9403 35.7 T
8035 9404 35.8 T
8036 3 39.0 C
8037 1 16.0 G
8038 9531 36.1 T
8039 7 27.7 A
8040 9583 35.5 T
8041 1 15.0 A
8042 1 16.0 A
8043 9701 36.7 T
8044 1 13.0 A
8046 9643 36.1 T
8047 9591 36.6 T
8048 1 34.0 A
8049 2 16.0 C
8050 3 15.7 A
8051 9503 36.2 T
8052 1 34.0 C
8053 4 18.2 A
8054 1 24.0 C
8055 7 14.7 A
8058 2 16.0 A
8059 5 30.0 C
8060 3 18.7 G
8061 9770 36.8 T
8063 9772 36.8 T
8064 9744 37.0 T
8065 10 14.6 G
8067 4 15.7 A
8068 6 16.5 C
8069 9498 35.5 T
8070 3 29.7 C
8071 2 15.5 A
8072 9454 36.9 T
8073 25 16.2 G
8074 4 15.7 A
8075 1 16.0 G
8076 4 33.0 C
8077 9074 37.0 T
8078 11 14.9 G
8079 9067 36.8 T
8080 2 24.5 C
8081 3 16.0 C
8082 1 15.0 C
8083 3 22.0 C
8084 5 24.4 A
8086 5 18.8 A
8087 8419 36.8 T
8088 8416 37.3 T
8089 1 13.0 A
8090 2 16.0 G
8091 2 20.0 G
8092 5 19.6 C
8093 8124 33.7 T
8094 8117 35.3 T
8095 2 13.5 A
8096 6 16.0 A
8097 1 15.0 A
8098 4 15.7 A
8099 2 16.0 A
8100 1 16.0 C
8101 3 24.3 A
8103 4 24.0 A
8104 7540 36.4 T
8105 6 16.7 G
8106 8 37.7 C
8107 1 16.0 A
8108 1 16.0 A
8109 7234 35.7 T
8110 7226 36.4 T
8113 1 15.0 C
8114 4 21.2 G
8115 1 15.0 G
8116 1 14.0 A
8119 6580 34.5 T
8120 3 13.3 C
8121 6404 34.1 T
8122 1 14.0 A
8123 4 15.2 A
8124 1 16.0 A
8126 1 16.0 C
8127 3 15.7 A
8128 7 15.6 A
8129 1 16.0 A
8130 2 16.0 C
8131 1 15.0 C
8132 3 27.0 A
8133 1 16.0 C
8134 5485 35.8 T
8135 5408 35.5 T
8136 5295 36.2 T
8137 2 28.0 C
8138 3 22.7 A
8139 2 23.5 C
8140 1 40.0 C
8142 1 16.0 C
8143 4823 34.1 T
8144 1 34.0 A
8146 3 14.0 A
8147 4 27.7 C
8148 2 14.0 G
8149 1 16.0 A
8151 3 14.0 C
8152 2 14.0 G
8154 1 14.0 G
8155 2 27.0 G
8156 5 23.0 G
8157 3992 35.1 T
8158 1 36.0 A
8159 3749 35.5 T
8160 4 23.5 A
8161 1 38.0 C
8162 3483 35.5 T
8163 2 24.0 A
8164 3 29.7 C
8166 2 24.5 G
8167 3212 35.9 T
8170 2 26.0 A
8171 2982 36.1 T
8172 1 27.0 G
8173 1 36.0 C
8174 2860 35.1 T
8175 1 13.0 C
8176 2718 36.9 T
8177 19 16.5 G
8178 1 16.0 A
8180 1 15.0 A
8181 2530 35.4 T
8183 2436 36.3 T
8184 3 13.7 G
8185 2346 36.8 T
8186 12 15.0 G
8188 2 15.5 A
8189 2 27.0 G
8196 2 26.0 A
8198 1 30.0 A
8200 1742 34.5 T
8201 1740 35.0 T
8202 1715 35.7 T
8205 1549 36.8 T
8206 2 14.5 G
8207 2 26.5 C
8208 1 16.0 C
8209 1 14.0 C
8211 1265 34.7 T
8214 1167 35.2 T
8216 1 34.0 C
8217 1066 35.6 T
8220 1 15.0 A
8222 899 34.9 T
8223 871 35.9 T
8226 789 36.0 T
8227 779 36.7 T
8231 1 16.0 C
8232 709 35.9 T
8233 1 15.0 A
8234 1 16.0 A
8235 1 16.0 A
8236 1 13.0 A
8238 577 34.7 T
8240 531 34.4 T
8241 504 36.1 T
8242 472 36.4 T
8243 4 15.0 G
8247 364 36.4 T
8256 247 35.0 T
8258 219 35.3 T
8259 209 35.0 T
8260 204 36.3 T
8265 162 35.4 T
8267 152 34.9 T
8277 82 32.3 T
8279 77 35.4 T
8286 54 30.4 T
8288 48 33.1 T
8367 31 37.0 T
8376 31 37.1 T
8380 31 36.1 T
8383 31 37.2 T
8388 31 38.0 T
8390 69 38.0 T
8400 69 37.7 T
8403 69 36.1 T
8404 69 36.8 T
8412 69 36.2 T
8415 67 36.9 T
8418 69 36.0 T
8419 69 36.7 T
8424 69 35.5 T
8426 69 33.8 T
8427 69 35.9 T
8430 68 35.0 T
8433 39 36.8 T
8442 38 36.0 T
8448 38 36.8 T
8450 38 36.6 T
8451 38 37.8 T
8462 1 31.0 T
8469 3 37.0 T
8473 3 31.7 T
8477 3 39.0 T
8490 3 39.0 T
8496 4 34.5 T
8503 4 38.0 T
8504 4 37.5 T
8506 4 38.5 T
8516 4 37.7 T
8528 4 33.2 T
8538 7 29.9 T
8540 7 37.3 T
8542 8 30.4 T
8543 8 34.0 T
8547 9 33.6 T
8548 9 34.8 T
8551 9 35.8 T
8552 9 35.7 T
8555 9 33.8 T
8556 8 34.7 T
8565 1 16.0 A
8567 6 28.5 T
8570 6 33.5 T
8576 6 31.7 T
8588 7 36.0 T
8590 1 40.0 C
8591 7 36.9 T
8594 7 30.1 T
8597 9 30.7 T
8598 6 36.8 T
8600 6 33.3 T
8602 6 37.2 T
8603 6 37.7 T
8604 7 38.3 T
8610 6 37.7 T
8612 6 35.5 T
8614 6 39.0 T
8615 6 38.3 T
8618 6 38.0 T
8626 8 26.9 T
8632 8 37.0 T
8634 8 34.4 T
8636 8 34.4 T
8639 8 33.4 T
8651 9 37.1 T
8654 9 34.7 T
8667 2 15.5 A
8668 27 35.1 T
8671 1 30.0 C
8672 32 34.6 T
8675 35 35.6 T
8681 40 35.2 T
8686 42 36.6 T
8696 56 36.7 T
8699 60 37.5 T
8705 76 35.9 T
8715 101 37.4 T
8717 1 16.0 A
8728 124 37.8 T
8731 131 34.5 T
8733 130 35.1 T
8735 126 36.7 T
8736 126 37.7 T
8738 130 36.8 T
8741 142 36.9 T
8744 147 35.7 T
8746 155 35.3 T
8749 153 36.8 T
8750 156 36.3 T
8753 167 36.9 T
8756 167 36.9 T
8757 167 37.4 T
8758 187 36.5 T
8759 187 37.0 T
8760 187 37.6 T
8762 204 37.2 T
8763 196 37.4 T
8772 213 37.1 T
8777 206 36.0 T
8780 205 36.9 T
8781 1 36.0 C
8786 202 35.3 T
8789 202 36.5 T
8793 192 35.2 T
8795 1 14.0 A
8797 188 35.6 T
8800 180 36.9 T
8801 180 36.5 T
8802 173 36.7 T
8813 1 40.0 C
8815 1 15.0 C
8819 127 36.8 T
8821 127 35.7 T
8823 124 35.6 T
8825 124 36.5 T
8827 1 16.0 A
8831 116 35.6 T
8832 1 16.0 A
8833 1 16.0 G
8837 105 35.5 T
8840 1 34.0 C
8843 65 34.8 T
8848 54 36.8 T
8849 54 37.3 T
8851 43 35.8 T
8864 185 34.9 T
8867 287 35.8 T
8868 309 36.3 T
8870 358 37.0 T
8875 476 36.0 T
8876 497 36.6 T
8877 511 37.1 T
8881 655 35.0 T
8883 692 36.7 T
8886 1 16.0 G
8888 818 36.4 T
8889 846 36.9 T
8895 999 37.8 T
8896 1 27.0 G
8898 1 40.0 C
8900 1128 37.3 T
8908 1376 36.6 T
8909 1395 36.9 T
8911 1454 37.1 T
8912 1499 37.4 T
8914 1 16.0 C
8915 1 16.0 C
8925 1 16.0 A
8927 1 16.0 C
8928 1995 36.7 T
8931 1 16.0 A
8933 2 16.0 C
8934 1 15.0 C
8936 2144 37.2 T
8937 2159 37.7 T
8939 2224 37.0 T
8941 1 16.0 C
8944 1 16.0 A
8945 2316 37.4 T
8947 1 16.0 C
8948 2334 37.9 T
8949 1 16.0 A
8951 2349 37.4 T
8952 2350 37.7 T
8954 2377 37.4 T
8955 2374 37.5 T
8957 2368 37.5 T
8961 1 16.0 A
8963 1 16.0 C
8964 1 15.0 C
8966 2231 36.9 T
8968 1 16.0 A
8970 1 36.0 C
8972 2226 36.7 T
8975 2224 36.6 T
8976 1 39.0 C
8977 1 16.0 A
8978 2201 37.1 T
8979 2153 37.3 T
8980 1 16.0 C
8981 1 15.0 A
8982 1 27.0 A
8984 1 16.0 C
8985 1 16.0 A
8986 1 15.0 A
8987 2067 37.3 T
8989 2 14.5 G
8990 4 39.0 C
8991 1 16.0 C
8992 2 14.0 C
8993 2000 37.6 T
8994 10 14.5 G
8996 1 27.0 C
8999 1972 37.9 T
9000 1 13.0 A
9001 4 33.5 C
9002 1 16.0 G
9003 1 13.0 C
9004 1 16.0 C
9005 1879 36.1 T
9006 1 15.0 A
9007 2 16.0 A
9012 1731 34.3 T
9014 1 14.0 A
9017 1607 37.3 T
9018 1575 38.0 T
9019 1 16.0 A
9021 1503 37.9 T
9022 6 13.8 G
9023 1 40.0 C
9024 1 16.0 A
9027 1 39.0 C
9029 1 37.0 A
9032 1337 36.8 T
9035 1300 36.3 T
9036 1 36.0 C
9037 1 40.0 A
9038 1237 37.2 T
9044 1194 37.5 T
9045 1 14.0 A
9046 1 16.0 A
9047 1190 37.1 T
9048 1186 37.6 T
9049 3 14.0 G
9052 2 16.0 A
9053 1 16.0 G
9055 2 14.5 G
9059 1 15.0 C
9062 1083 36.9 T
9068 976 36.1 T
9069 1 15.0 A
9070 929 35.0 T
9071 1 39.0 C
9072 3 15.3 A
9077 801 35.3 T
9078 793 36.0 T
9083 717 35.5 T
9084 689 36.5 T
9088 645 36.6 T
9090 611 36.9 T
9094 1 13.0 C
9095 537 35.5 T
9096 503 37.0 T
9098 464 36.2 T
9101 440 36.3 T
9103 392 35.6 T
9104 388 37.2 T
9109 1 16.0 A
9110 327 36.9 T
9111 322 37.6 T
9113 311 37.6 T
9115 1 16.0 A
9116 300 37.1 T
9117 311 36.9 T
9119 297 37.7 T
9122 271 38.4 T
9123 1 16.0 G
9126 249 36.6 T
9128 242 37.3 T
9131 217 38.1 T
9137 194 37.8 T
9141 170 37.8 T
9142 1 13.0 G
9143 160 38.2 T
9148 138 36.2 T
9149 136 37.7 T
9152 125 36.4 T
9160 96 37.8 T
9164 83 37.1 T
9165 80 36.0 T
9166 79 37.7 T
9167 77 38.0 T
9173 70 36.5 T
9174 69 37.7 T
9176 67 37.9 T
9179 57 38.1 T
9185 33 35.9 T
9187 26 36.6 T
9191 21 36.7 T
9205 8 33.1 T
9208 95 37.5 T
9219 95 36.0 T
9224 95 37.6 T
9228 95 36.2 T
9230 95 36.4 T
9233 95 35.7 T
9235 95 36.9 T
9238 95 37.2 T
9245 1 39.0 C
9252 97 37.2 T
9253 1 16.0 G
9259 97 35.6 T
9271 97 34.8 T
9273 96 32.3 T
9280 3 31.0 T
9283 3 39.0 T
9286 3 38.0 T
9291 3 30.0 T
9298 3 39.0 T
9304 3 39.3 T
9306 3 39.0 T
9309 5 31.6 T
9310 5 34.8 T
9311 7 34.0 T
9315 7 35.3 T
9316 7 35.9 T
9321 11 35.2 T
9325 14 36.0 T
9331 14 36.7 T
9334 14 33.9 T
9337 17 36.4 T
9340 18 36.8 T
9346 20 35.4 T
9349 24 36.8 T
9361 37 36.7 T
9367 39 36.1 T
9369 38 35.9 T
9375 40 36.0 T
9378 42 37.0 T
9386 46 37.1 T
9388 49 38.0 T
9405 65 37.6 T
9428 75 36.9 T
9430 76 37.6 T
9442 90 36.1 T
9443 97 36.7 T
9445 1 16.0 G
9447 99 36.7 T
9449 1 39.0 C
9454 151 34.8 T
9457 161 35.2 T
9460 159 35.7 T
9462 158 35.2 T
9463 156 35.2 T
9464 161 35.8 T
9466 162 36.2 T
9467 168 35.9 T
9471 166 34.7 T
9478 188 34.9 T
9479 192 35.4 T
9480 193 36.7 T
9481 200 37.1 T
9482 206 37.0 T
9483 211 37.3 T
9484 212 36.6 T
9486 227 36.6 T
9487 233 36.9 T
9491 1 15.0 A
9495 285 35.0 T
9496 287 36.3 T
9497 285 36.7 T
9498 293 37.0 T
9499 302 37.0 T
9500 1 16.0 C
9501 328 37.4 T
9507 350 36.7 T
9508 355 36.6 T
9509 366 36.9 T
9510 371 37.3 T
9516 408 34.9 T
9520 1 40.0 G
9522 1 38.0 C
9523 450 36.8 T
9526 1 16.0 C
9530 518 35.4 T
9533 1 15.0 C
9535 1 15.0 C
9537 1 14.0 C
9538 1 14.0 A
9539 1 14.0 A
9540 569 35.6 T
9541 580 36.0 T
9546 2 35.0 G
9547 1 15.0 G
9548 1 15.0 G
9549 2 27.5 C
9552 804 36.6 T
9553 1 15.0 G
9554 1 39.0 G
9558 1 15.0 C
9561 1 16.0 A
9562 1 15.0 C
9565 1 16.0 G
9566 1 39.0 C
9568 1109 35.0 T
9569 1 14.0 C
9571 1 16.0 C
9572 1 38.0 C
9573 1 16.0 C
9577 1272 34.6 T
9581 1360 35.9 T
9584 1 15.0 C
9586 1455 36.6 T
9589 2 16.0 A
9590 1 15.0 A
9591 1 15.0 G
9592 1582 36.3 T
9596 1 16.0 A
9598 1767 35.9 T
9601 1920 37.0 T
9606 2 16.0 A
9607 1 40.0 C
9609 2161 36.5 T
9611 1 13.0 C
9613 2260 37.3 T
9615 2310 36.3 T
9616 2365 36.9 T
9618 2 16.0 C
9619 2480 37.1 T
9621 1 14.0 G
9624 2764 36.6 T
9625 1 15.0 C
9626 1 39.0 A
9627 1 40.0 G
9629 1 16.0 A
9630 1 16.0 G
9631 3081 37.3 T
9632 1 14.0 A
9633 3075 36.8 T
9635 2 16.0 A
9636 2 27.5 A
9637 3144 36.6 T
9639 3 16.0 A
9641 1 15.0 C
9642 3113 37.0 T
9643 2 14.0 G
9644 1 16.0 A
9646 2 16.0 C
9647 3197 35.1 T
9648 2 25.0 C
9649 1 39.0 A
9650 1 37.0 C
9651 4 18.7 C
9652 1 16.0 A
9653 3289 37.3 T
9654 1 40.0 A
9655 4 35.2 G
9656 3299 37.5 T
9658 3340 37.6 T
9661 3499 37.0 T
9662 3 31.0 A
9664 5 17.8 A
9665 2 16.0 A
9667 1 16.0 A
9669 1 16.0 A
9671 1 15.0 C
9672 2 15.0 C
9674 2 33.5 A
9675 1 14.0 A
9676 1 16.0 A
9677 2 25.5 C
9679 1 16.0 A
9680 1 16.0 A
9681 3 14.7 A
9682 4698 36.9 T
9683 2 15.0 A
9684 1 27.0 A
9685 4870 37.0 T
9686 4911 37.4 T
9688 6 15.5 A
9689 2 15.5 A
9690 1 16.0 G
9692 3 14.7 A
9693 1 24.0 C
9694 5328 35.7 T
9695 2 15.0 G
9696 1 16.0 C
9697 5476 34.7 T
9698 5519 35.7 T
9699 3 31.3 A
9700 5590 35.6 T
9701 5664 36.1 T
9702 1 27.0 A
9704 5 20.0 A
9705 2 15.5 A
9706 5779 36.1 T
9707 5856 35.8 T
9708 5921 36.0 T
9709 5989 36.8 T
9711 1 16.0 C
9712 6084 37.3 T
9713 2 38.5 G
9714 1 16.0 G
9715 2 16.0 G
9716 6081 35.4 T
9718 6109 35.1 T
9719 1 27.0 C
9720 6163 36.5 T
9722 6212 36.9 T
9723 6240 36.8 T
9724 6220 37.1 T
9725 6275 37.7 T
9727 2 27.0 C
9728 5 14.4 C
9729 4 27.5 C
9730 6483 35.7 T
9731 1 14.0 C
9732 1 39.0 C
9733 6688 37.4 T
9734 1 16.0 A
9735 3 16.0 C
9736 4 15.5 A
9737 2 15.5 A
9738 3 29.7 G
9739 1 15.0 C
9740 6 16.0 C
9741 7231 36.8 T
9742 3 31.7 C
9743 3 25.7 A
9744 3 27.7 G
9745 1 16.0 A
9746 2 15.0 G
9747 7522 37.2 T
9748 2 35.5 A
9749 1 16.0 C
9750 7601 36.6 T
9751 7643 37.1 T
9754 2 21.5 A
9755 2 20.0 G
9756 7889 36.3 T
9757 2 15.0 C
9758 7816 35.5 T
9759 1 27.0 C
9761 1 15.0 C
9762 7770 37.1 T
9763 7765 37.5 T
9764 3 15.7 C
9766 1 15.0 C
9767 3 22.0 C
9768 2 14.5 A
9769 7569 37.4 T
9770 7536 37.3 T
9771 7390 37.5 T
9772 1 16.0 C
9773 3 19.3 C
9775 2 14.5 A
9776 4 33.2 C
9777 2 13.5 G
9778 1 27.0 G
9779 5 37.0 C
9780 3 22.7 A
9781 7234 36.7 T
9782 1 14.0 C
9783 7197 37.3 T
9784 3 22.7 A
9785 10 31.7 C
9786 2 20.0 G
9787 5 27.0 G
9788 1 16.0 C
9789 6988 33.7 T
9790 1 13.0 C
9792 1 15.0 A
9793 2 15.5 C
9795 6632 37.3 T
9796 6601 36.9 T
9797 6522 36.4 T
9798 6469 36.7 T
9799 6396 37.5 T
9800 6359 37.1 T
9801 6 13.2 G
9802 6294 38.0 T
9804 1 16.0 G
9806 7 31.4 C
9807 3 24.0 A
9809 2 16.0 A
9810 2 28.0 G
9811 2 15.5 G
9812 1 40.0 C
9813 5814 35.0 T
9814 5821 36.5 T
9816 1 16.0 C
9817 1 16.0 A
9818 6 35.7 C
9819 1 24.0 G
9820 3 29.7 G
9821 1 27.0 A
9822 1 15.0 C
9823 5155 34.7 T
9824 5110 36.6 T
9825 1 16.0 C
9826 2 25.0 A
9827 2 27.5 C
9829 4878 36.9 T
9830 1 39.0 C
9831 3 16.0 A
9832 4632 35.5 T
9833 4579 36.2 T
9835 4417 36.3 T
9836 4374 36.7 T
9837 3 14.0 G
9838 2 27.0 G
9840 4002 35.1 T
9842 6 19.5 A
9843 2 25.0 A
9845 3738 36.4 T
9846 3686 36.9 T
9847 3656 37.6 T
9848 2 27.0 C
9850 3471 36.1 T
9851 1 16.0 C
9854 3167 36.5 T
9856 3050 36.0 T
9858 2971 36.5 T
9860 1 27.0 C
9861 2809 35.4 T
9862 2782 37.2 T
9864 1 40.0 A
9865 2665 37.2 T
9867 1 15.0 C
9869 1 31.0 C
9871 2 14.0 A
9874 2229 36.8 T
9875 1 14.0 A
9877 2052 37.0 T
9879 1930 36.7 T
9880 1885 37.4 T
9881 1819 37.5 T
9885 1645 37.0 T
9886 1600 37.8 T
9887 1532 38.2 T
9889 1 40.0 C
9891 1428 36.9 T
9894 1 30.0 A
9896 1 13.0 A
9898 1 15.0 A
9899 1226 36.1 T
9901 2 27.0 A
9903 1101 36.7 T
9904 1069 37.8 T
9905 1012 38.2 T
9906 5 14.4 G
9909 863 34.6 T
9910 846 36.9 T
9911 1 14.0 C
9920 1 38.0 C
9924 548 36.2 T
9925 1 14.0 G
9927 497 36.2 T
9928 1 13.0 A
9930 447 35.6 T
9932 1 40.0 G
9933 1 38.0 C
9934 1 16.0 A
9935 394 34.9 T
9936 390 34.7 T
9937 372 35.6 T
9938 363 36.8 T
9940 343 37.9 T
9941 1 13.0 A
9944 318 34.0 T
9946 303 35.8 T
9949 272 36.1 T
9950 266 36.9 T
9951 261 37.0 T
9952 1 13.0 G
9954 1 39.0 C
9955 236 36.1 T
9957 213 35.7 T
9958 208 35.9 T
9959 200 36.7 T
9961 180 35.6 T
9963 170 36.8 T
9965 151 36.3 T
9967 138 37.7 T
9969 124 35.7 T
9973 113 36.0 T
9975 105 33.6 T
9977 104 34.4 T
9978 103 35.7 T
9981 98 36.4 T
9987 74 33.0 T
9989 58 32.7 T
9990 50 33.6 T
9993 20 38.5 T
9995 20 37.7 T
9996 20 36.5 T
9997 20 36.8 T
9998 20 38.3 T
10001 20 38.4 T
10003 20 36.9 T
10007 20 37.6 T
10010 20 38.4 T
10015 20 37.8 T
10016 20 37.6 T
10020 20 36.5 T
10021 20 36.5 T
10026 20 35.6 T
10027 20 37.1 T
10031 20 37.2 T
10034 20 34.9 T
10035 20 36.5 T
10036 20 37.2 T
10037 20 35.9 T
10045 20 35.5 T
10046 20 36.6 T
10057 20 32.4 T
10060 975 37.3 T
10065 974 36.3 T
10066 979 36.9 T
10071 978 37.6 T
10072 979 37.9 T
10075 979 37.3 T
10076 978 37.3 T
10077 979 37.8 T
10078 978 38.4 T
10079 2 33.0 A
10081 979 37.2 T
10083 1 16.0 A
10084 979 36.2 T
10088 4 33.7 C
10089 1 34.0 A
10093 980 36.5 T
10094 1 37.0 C
10095 1 16.0 C
10096 980 37.6 T
10101 980 37.6 T
10102 979 37.8 T
10104 1 40.0 C
10105 980 38.2 T
10108 980 38.1 T
10111 995 36.6 T
10113 1 39.0 A
10114 995 35.9 T
10115 995 36.7 T
10117 994 36.1 T
10118 993 36.6 T
10122 998 37.0 T
10123 998 37.2 T
10124 998 37.8 T
10125 998 37.4 T
10129 37 37.2 T
10138 51 36.4 T
10146 51 36.8 T
10150 45 38.4 T
10158 59 36.4 T
10166 64 36.0 T
10167 64 37.4 T
10173 73 37.6 T
10179 74 32.7 T
10180 74 34.9 T
10187 80 35.5 T
10189 80 35.7 T
10191 83 35.8 T
10204 91 36.4 T
10208 97 36.6 T
10209 96 37.2 T
10210 99 36.9 T
10212 101 35.8 T
10216 108 36.6 T
10221 104 36.5 T
10222 104 37.4 T
10224 104 37.1 T
10225 102 38.2 T
10227 102 38.1 T
10228 103 37.5 T
10231 106 38.1 T
10235 107 36.2 T
10237 108 36.7 T
10238 109 36.1 T
10242 111 37.8 T
10243 112 37.7 T
10245 115 36.6 T
10246 106 38.1 T
10248 107 37.7 T
10249 107 37.8 T
10251 107 37.2 T
10252 109 37.2 T
10253 109 37.6 T
10256 108 36.1 T
10258 110 37.6 T
10264 109 36.7 T
10265 110 36.3 T
10270 105 36.8 T
10273 102 36.5 T
10274 101 37.1 T
10275 101 36.5 T
10276 103 37.6 T
10282 100 37.3 T
10287 102 37.6 T
10294 102 37.7 T
10304 77 35.0 T
10309 73 35.2 T
10315 63 37.1 T
10318 54 38.1 T
10321 54 36.7 T
10322 51 37.1 T
10324 50 37.9 T
10326 47 38.3 T
10329 44 37.1 T
10333 43 35.1 T
10335 42 36.0 T
10336 41 37.4 T
10338 40 37.5 T
10339 39 37.8 T
10342 36 37.2 T
10345 33 37.5 T
10348 32 38.2 T
10351 30 38.5 T
10357 25 38.6 T
10361 24 38.6 T
10363 22 37.7 T
10368 20 38.6 T
10370 20 36.9 T
10374 14 37.7 T
10378 12 38.1 T
10389 3 37.0 T
10390 3 38.7 T
10395 2 40.0 T
10404 1 40.0 T
10471 117 36.7 T
10477 118 36.5 T
10480 118 36.1 T
10481 118 35.5 T
10482 118 37.0 T
10486 118 37.3 T
10490 118 37.0 T
10492 118 36.9 T
10493 118 37.7 T
10495 118 37.6 T
10498 118 38.1 T
10500 1 16.0 G
10503 118 36.2 T
10504 118 36.2 T
10505 118 36.5 T
10510 118 37.0 T
10512 118 36.2 T
10514 1 15.0 A
10516 118 37.6 T
10517 118 37.0 T
10519 118 37.0 T
10522 1 15.0 G
10525 118 35.3 T
10528 118 37.2 T
10531 118 37.9 T
10533 118 35.8 T
10535 118 36.1 T
10539 1 27.0 T
10546 2 34.0 T
10549 2 39.5 T
10551 2 38.0 T
10554 2 28.0 T
10558 2 33.5 T
10561 2 38.0 T
10563 2 39.5 T
10567 5 34.4 T
10576 6 34.2 T
10579 6 38.8 T
10582 6 38.2 T
10584 9 36.8 T
10588 9 35.3 T
10590 9 37.7 T
10591 9 38.1 T
10594 11 37.6 T
10595 11 35.5 T
10597 11 35.3 T
10601 11 32.4 T
10604 11 37.8 T
10606 11 37.1 T
10609 15 36.7 T
10615 15 37.2 T
10626 23 35.3 T
10630 23 36.7 T
10632 23 37.8 T
10633 24 38.7 T
10640 31 37.9 T
10642 29 38.4 T
10643 29 39.4 T
10645 29 38.4 T
10646 1 14.0 G
10649 29 38.4 T
10651 29 38.6 T
10652 29 38.6 T
10657 29 37.7 T
10660 33 38.3 T
10663 32 37.4 T
10665 38 36.3 T
10666 38 36.3 T
10667 39 35.8 T
10674 44 34.7 T
10676 2 39.5 C
10687 83 36.8 T
10693 86 37.5 T
10699 93 37.4 T
10702 101 36.3 T
10705 105 34.9 T
10707 103 34.6 T
10711 126 35.5 T
10713 127 34.1 T
10718 1 36.0 C
10722 139 37.3 T
10724 147 37.8 T
10729 163 37.0 T
10734 177 36.7 T
10738 189 37.4 T
10742 216 36.7 T
10747 236 36.9 T
10753 270 36.9 T
10756 279 36.8 T
10758 10 38.0 C
10759 1 34.0 A
10761 297 37.4 T
10764 301 38.0 T
10770 325 38.0 T
10773 335 37.3 T
10776 334 37.6 T
10784 1 16.0 A
10785 350 36.0 T
10786 355 37.1 T
10788 359 37.0 T
10790 369 36.2 T
10791 366 37.3 T
10794 369 37.2 T
10800 387 36.8 T
10805 404 37.3 T
10808 1 31.0 C
10809 376 37.0 T
10810 408 37.0 T
10811 408 37.8 T
10814 1 15.0 A
10816 1 16.0 A
10819 2 16.0 A
10823 1 39.0 A
10824 422 36.7 T
10827 426 36.4 T
10828 423 37.0 T
10829 419 36.9 T
10831 1 15.0 A
10832 1 15.0 A
10833 420 36.2 T
10835 1 15.0 A
10837 1 15.0 C
10852 3 35.7 C
10854 390 36.1 T
10857 378 36.2 T
10858 383 36.6 T
10860 383 37.2 T
10861 383 37.6 T
10866 363 35.4 T
10868 2 16.0 A
10869 359 34.5 T
10873 349 34.5 T
10875 347 35.5 T
10878 341 36.9 T
10880 337 36.7 T
10881 329 37.2 T
10882 331 36.3 T
10883 329 35.6 T
10884 335 35.7 T
10885 334 36.2 T
10893 327 36.5 T
10898 1 16.0 A
10905 291 36.3 T
10907 287 37.0 T
10908 289 36.6 T
10909 290 37.4 T
10912 1 39.0 C
10913 290 36.9 T
10915 279 34.1 T
10916 278 34.0 T
10919 1 16.0 C
10925 254 32.8 T
10926 265 34.8 T
10927 264 35.0 T
10928 264 36.0 T
10931 246 31.8 T
10932 1 16.0 C
10935 1 15.0 A
10936 1 13.0 C
10939 2 15.0 C
10941 235 25.9 T
10942 3 14.7 A
10949 1 27.0 C
10953 208 26.0 T
10956 221 29.8 T
10957 1 15.0 A
10959 221 30.5 T
10960 1 14.0 A
10962 211 31.1 T
10963 2 15.5 A
10966 222 30.8 T
10967 1 15.0 A
10970 219 31.1 T
10971 6 17.5 G
10974 205 28.9 T
10976 1 16.0 C
10977 207 31.5 T
10978 1 14.0 A
10983 197 30.6 T
10989 205 33.0 T
10992 200 34.3 T
10993 1 16.0 G
10996 1 16.0 A
11009 216 34.2 T
11010 222 35.4 T
11012 223 35.6 T
11017 218 35.7 T
11025 234 34.6 T
11027 234 34.5 T
11030 2 15.5 C
11038 1 16.0 A
11040 235 34.4 T
11041 1 39.0 C
11042 241 34.9 T
11046 237 34.8 T
11048 237 34.4 T
11050 240 36.2 T
11052 238 36.5 T
11055 241 36.6 T
11058 244 35.2 T
11060 248 33.6 T
11064 253 35.3 T
11070 256 35.6 T
11072 252 34.4 T
11075 253 36.4 T
11076 251 36.8 T
11079 255 36.3 T
11080 255 37.1 T
11082 252 37.8 T
11087 253 37.1 T
11088 255 37.0 T
11096 2 16.0 A
11103 243 36.2 T
11106 236 36.1 T
11109 229 37.8 T
11111 232 36.1 T
11112 233 36.6 T
11113 234 36.1 T
11114 237 36.6 T
11116 235 37.3 T
11118 238 36.7 T
11120 232 36.1 T
11121 241 36.7 T
11123 240 36.2 T
11124 242 36.9 T
11132 1 16.0 A
11136 244 36.9 T
11137 243 37.4 T
11139 232 37.2 T
11142 1 16.0 C
11147 237 36.8 T
11148 239 36.8 T
11152 232 36.0 T
11154 230 36.0 T
11157 230 36.8 T
11165 222 35.0 T
11170 1 40.0 C
11174 1 40.0 C
11187 219 36.8 T
11201 209 36.2 T
11204 209 35.6 T
11205 211 36.3 T
11206 1 14.0 C
11208 210 36.7 T
11210 210 36.2 T
11211 210 36.7 T
11213 209 35.8 T
11220 210 37.4 T
11223 203 37.4 T
11226 1 16.0 G
11228 189 35.5 T
11232 187 36.2 T
11233 190 36.2 T
11238 186 36.7 T
11241 190 36.0 T
11244 190 37.3 T
11250 188 36.3 T
11254 188 36.7 T
11255 190 37.6 T
11260 195 35.5 T
11263 1 16.0 C
11269 1 40.0 C
11271 182 37.7 T
11276 186 34.7 T
11280 192 36.4 T
11286 185 37.2 T
11287 189 37.6 T
11289 190 36.6 T
11292 193 37.3 T
11295 191 37.3 T
11299 191 36.7 T
11301 191 36.8 T
11305 190 38.3 T
11316 175 37.3 T
11318 174 37.4 T
11324 173 37.5 T
11327 178 37.7 T
11328 1 15.0 G
11333 1 16.0 A
11339 178 36.8 T
11340 175 38.0 T
11343 175 37.8 T
11345 176 37.9 T
11349 173 38.0 T
11353 176 35.3 T
11354 180 37.2 T
11361 175 37.4 T
11365 170 35.5 T
11366 175 36.4 T
11367 175 37.1 T
11368 174 37.9 T
11370 175 38.0 T
11373 167 38.9 T
11379 165 37.6 T
11383 167 37.5 T
11385 167 38.1 T
11386 170 37.6 T
11387 170 38.2 T
11394 173 36.7 T
11399 179 37.4 T
11400 179 38.2 T
11402 175 38.1 T
11406 172 36.0 T
11410 169 36.9 T
11418 1 13.0 A
11419 173 36.7 T
11421 175 37.4 T
11428 1 16.0 C
11433 164 36.1 T
11437 159 35.5 T
11441 157 37.8 T
11445 162 37.1 T
11448 154 37.5 T
11451 149 38.1 T
11452 151 37.5 T
11460 152 37.0 T
11461 1 16.0 A
11463 152 35.2 T
11465 146 35.6 T
11466 145 36.5 T
11472 147 37.6 T
11480 132 33.5 T
11482 143 37.1 T
11485 154 37.6 T
11487 148 37.2 T
11489 1 16.0 A
11490 145 36.2 T
11496 135 32.9 T
11502 139 35.9 T
11505 141 36.8 T
11506 142 37.1 T
11508 144 35.7 T
11517 138 35.8 T
11523 1 27.0 A
11529 131 36.8 T
11534 142 35.0 T
11536 1 15.0 C
11540 143 34.8 T
11541 141 36.7 T
11544 143 37.0 T
11545 144 36.9 T
11547 142 37.7 T
11550 129 37.8 T
11552 142 35.6 T
11556 137 37.1 T
11558 144 37.1 T
11565 161 36.5 T
11568 167 36.3 T
11569 173 36.6 T
11571 169 37.1 T
11579 181 35.6 T
11583 178 37.2 T
11585 178 37.6 T
11589 185 37.5 T
11593 1 16.0 A
11604 195 35.7 T
11608 1 13.0 A
11609 213 37.0 T
11613 226 35.8 T
11615 1 16.0 A
11616 242 37.0 T
11617 242 37.5 T
11621 268 37.0 T
11624 277 36.4 T
11626 283 36.2 T
11627 284 37.1 T
11630 1 16.0 A
11631 307 36.5 T
11633 1 16.0 A
11640 331 37.5 T
11646 343 35.9 T
11648 1 13.0 G
11649 369 37.0 T
11652 375 37.0 T
11656 1 16.0 A
11661 398 36.5 T
11662 398 36.2 T
11664 402 34.8 T
11667 420 35.6 T
11672 1 14.0 A
11674 1 13.0 C
11675 1 16.0 C
11678 463 36.3 T
11684 506 34.5 T
11685 512 35.8 T
11689 1 15.0 C
11697 648 36.5 T
11700 653 34.3 T
11701 654 35.4 T
11703 667 35.1 T
11706 682 36.8 T
11709 680 37.4 T
11710 1 36.0 C
11716 2 36.5 C
11719 1 16.0 G
11720 1 34.0 C
11721 816 33.7 T
11722 827 36.0 T
11724 1 34.0 C
11726 866 35.4 T
11729 884 35.1 T
11731 1 30.0 A
11732 927 35.7 T
11733 943 36.3 T
11736 969 37.1 T
11738 984 36.5 T
11739 1004 36.9 T
11741 1049 37.1 T
11742 1 13.0 G
11745 1130 36.7 T
11749 3 23.3 A
11751 1 16.0 A
11753 1220 35.6 T
11759 1410 36.7 T
11760 1 13.0 A
11761 1 16.0 C
11764 1 16.0 A
11766 1 16.0 G
11768 1 15.0 A
11770 1673 34.8 T
11772 1 30.0 A
11773 1 16.0 C
11776 1783 37.2 T
11777 1 36.0 C
11781 1863 35.2 T
11784 1903 37.1 T
11787 1948 36.2 T
11790 1993 35.5 T
11792 2008 35.8 T
11794 2033 35.7 T
11798 1 15.0 G
11799 1 13.0 G
11800 1 16.0 A
11801 1 16.0 C
11802 2185 36.3 T
11803 2191 36.7 T
11805 2 16.0 A
11807 1 35.0 A
11808 1 39.0 C
11809 2309 35.7 T
11811 2325 36.2 T
11813 4 27.7 C
11814 2345 35.4 T
11816 1 15.0 C
11818 3 21.3 A
11819 1 16.0 C
11820 2452 37.0 T
11823 2524 36.8 T
11827 2611 35.8 T
11828 2628 36.2 T
11829 2618 36.9 T
11830 2628 37.6 T
11831 2651 37.7 T
11834 2751 37.6 T
11836 1 16.0 A
11838 2824 36.2 T
11839 2836 36.9 T
11840 1 16.0 C
11841 2893 37.5 T
11842 1 38.0 A
11843 1 16.0 G
11845 2 15.0 A
11846 1 15.0 A
11847 1 16.0 G
11848 1 31.0 C
11850 3096 36.8 T
11852 2 26.0 G
11854 3172 36.1 T
11855 1 16.0 A
11859 3196 35.9 T
11863 2 14.0 C
11864 3244 36.3 T
11865 3276 37.1 T
11868 1 16.0 C
11869 4 15.7 C
11871 2 15.0 C
11872 2 20.0 C
11873 4 17.0 A
11874 1 40.0 C
11875 3309 36.0 T
11877 3333 35.7 T
11878 3335 36.2 T
11882 2 15.5 C
11883 3355 36.9 T
11885 1 16.0 C
11886 3391 37.5 T
11887 2 27.0 G
11888 3 24.0 G
11889 1 16.0 G
11890 3 15.7 A
11891 3 19.3 G
11892 2 14.5 A
11894 1 15.0 C
11895 3385 36.7 T
11897 3414 36.5 T
11899 3462 37.4 T
11900 3 16.0 G
11901 3447 37.7 T
11902 9 16.9 G
11903 2 28.0 C
11904 3474 37.4 T
11906 2 16.0 G
11907 3457 38.0 T
11911 2 15.0 C
11912 1 15.0 A
11913 1 39.0 C
11915 3490 36.1 T
11916 3493 36.5 T
11918 3437 36.4 T
11920 1 16.0 C
11921 3356 37.7 T
11923 1 34.0 A
11924 3334 37.6 T
11926 2 15.5 A
11927 2 24.0 A
11928 2 15.0 A
11929 3283 36.0 T
11931 3236 36.0 T
11932 1 40.0 C
11933 1 16.0 A
11935 3153 35.7 T
11937 3114 35.6 T
11938 1 30.0 C
11939 2 23.5 C
11940 3043 37.4 T
11941 1 39.0 A
11942 1 16.0 C
11943 2942 37.7 T
11944 2933 38.1 T
11948 1 16.0 G
11949 1 16.0 G
11950 1 37.0 A
11952 2698 36.3 T
11956 2 27.0 C
11958 2586 37.4 T
11959 1 16.0 A
11961 2458 37.7 T
11963 1 15.0 G
11964 2363 37.5 T
11966 1 16.0 A
11970 10 34.6 C
11971 1 13.0 C
11972 2 16.0 C
11973 2184 35.3 T
11975 2134 35.7 T
11978 2059 34.7 T
11979 1 13.0 C
11981 11 36.1 C
11982 1960 35.2 T
11984 1906 35.4 T
11985 2 15.5 A
11986 2 39.5 C
11987 1 15.0 A
11988 1828 36.9 T
11990 1767 36.2 T
11991 1753 36.7 T
11992 1737 36.9 T
11994 1 16.0 C
11996 1 30.0 A
12004 1 14.0 A
12005 1361 36.6 T
12006 2 27.5 G
12011 1205 34.1 T
12013 2 23.5 A
12015 1095 34.6 T
12017 1 16.0 A
12024 1 16.0 A
12027 874 36.3 T
12028 856 36.7 T
12034 1 15.0 C
12035 2 26.5 A
12036 725 37.7 T
12039 1 15.0 A
12044 579 35.8 T
12047 529 36.6 T
12048 516 37.5 T
12064 1 16.0 C
12066 312 35.8 T
12069 303 36.8 T
12070 1 15.0 G
12071 282 36.3 T
12072 273 36.6 T
12075 251 36.5 T
12081 199 36.7 T
12083 190 35.6 T
12090 160 35.5 T
12091 155 36.0 T
12093 146 33.5 T
12096 142 35.3 T
12099 128 37.3 T
12101 118 37.4 T
12105 97 37.4 T
12112 1 14.0 C
12117 69 34.5 T
12120 62 35.4 T
12121 61 36.4 T
12128 44 36.1 T
12129 44 35.3 T
12130 44 36.3 T
12131 40 36.2 T
12134 36 36.1 T
12136 31 36.7 T
12137 25 37.7 T
12139 13 36.5 T
12143 12 36.7 T
12145 12 38.1 T
12148 11 35.6 T
12149 11 37.9 T
12150 11 38.5 T
12161 7 38.7 T
12166 7 32.7 T
12167 7 36.4 T
12169 7 37.3 T
12173 6 38.5 T
12175 6 37.5 T
12188 4 32.2 T
12189 4 37.0 T
12198 3 39.3 T
12199 3 39.7 T
12201 3 38.3 T
12202 3 38.7 T
12203 2 39.0 T
12215 1 40.0 T
12225 1 39.0 T
12228 1 40.0 T
12232 1 40.0 T
12235 1 40.0 T
12243 1 38.0 T
12245 1 40.0 T
12247 1 40.0 T
12255 1 40.0 T
12338 18 37.1 T
12344 18 35.9 T
12351 18 32.3 T
12354 18 36.3 T
12356 18 33.0 T
12365 18 36.8 T
12371 18 34.0 T
12375 18 33.4 T
12376 18 32.2 T
12380 18 36.2 T
12383 18 33.3 T
12384 18 34.0 T
12392 18 32.2 T
12395 18 32.6 T
12396 18 28.5 T
12404 16 21.9 T
12438 2 35.5 T
12439 2 34.0 T
12441 2 34.5 T
12443 2 37.5 T
12448 2 38.5 T
12452 2 36.5 T
12453 2 39.5 T
12455 2 39.0 T
12460 2 27.5 T
12466 2 39.5 T
12467 2 39.5 T
12468 2 39.0 T
12470 2 37.0 T
12471 2 37.0 T
12473 2 39.0 T
12477 2 39.5 T
12479 4 36.0 T
12481 6 33.5 T
12482 6 35.0 T
12494 8 37.2 T
12496 9 36.0 T
12497 9 37.1 T
12500 9 38.7 T
12502 9 36.9 T
12506 9 35.3 T
12518 11 38.5 T
12519 12 37.3 T
12521 12 38.0 T
12522 12 38.5 T
12524 12 35.7 T
12526 12 36.9 T
12532 10 39.2 T
12538 12 38.5 T
12548 1 40.0 C
12563 16 37.7 T
12565 16 36.7 T
12569 18 38.6 T
12574 18 38.4 T
12575 18 39.3 T
12581 15 38.4 T
12586 16 37.7 T
12589 14 37.1 T
12590 14 37.5 T
12592 14 36.9 T
12596 13 38.8 T
12599 14 38.0 T
12601 14 37.9 T
12602 14 39.1 T
12605 16 37.6 T
12609 14 37.2 T
12611 14 39.2 T
12616 19 37.5 T
12617 19 37.9 T
12619 19 38.8 T
12620 19 38.7 T
12623 19 39.6 T
12624 19 39.1 T
12628 20 38.8 T
12631 20 38.9 T
12635 24 37.6 T
12638 23 38.2 T
12643 28 36.9 T
12644 28 38.0 T
12646 28 38.1 T
12650 29 38.3 T
12652 29 38.3 T
12655 28 38.3 T
12657 30 37.9 T
12659 30 37.9 T
12664 28 36.7 T
12677 30 37.3 T
12678 30 37.5 T
12681 29 35.5 T
12685 30 36.1 T
12686 31 36.8 T
12688 30 35.6 T
12689 31 36.6 T
12694 31 37.6 T
12696 30 36.5 T
12698 30 36.6 T
12701 31 37.1 T
12704 33 36.8 T
12706 38 36.6 T
12707 38 37.1 T
12710 43 36.8 T
12713 40 36.8 T
12714 41 36.1 T
12719 44 37.3 T
12722 46 37.7 T
12725 46 37.7 T
12727 50 36.5 T
12728 50 38.1 T
12731 50 37.4 T
12732 48 37.4 T
12738 48 36.3 T
12746 51 37.2 T
12748 52 38.2 T
12749 52 38.3 T
12755 58 37.7 T
12757 60 37.2 T
12758 59 37.4 T
12761 60 38.4 T
12766 69 35.8 T
12776 77 37.9 T
12782 91 35.0 T
12783 92 36.7 T
12785 91 37.2 T
12787 93 37.3 T
12790 96 37.7 T
12791 97 36.9 T
12793 97 37.1 T
12794 97 37.4 T
12797 101 33.8 T
12800 104 35.5 T
12804 98 36.8 T
12805 99 36.7 T
12808 96 36.6 T
12811 97 36.5 T
12825 103 37.1 T
12827 1 40.0 C
12842 132 37.0 T
12843 131 36.6 T
12851 129 34.9 T
12854 129 36.9 T
12856 132 36.7 T
12857 1 39.0 A
12864 135 36.6 T
12866 134 35.6 T
12871 1 14.0 G
12873 136 35.2 T
12875 134 34.2 T
12879 129 35.0 T
12880 139 35.1 T
12881 138 36.4 T
12884 143 35.1 T
12887 146 35.7 T
12892 155 35.3 T
12893 151 36.8 T
12898 161 36.7 T
12901 165 35.2 T
12902 172 35.9 T
12903 172 36.5 T
12905 174 36.1 T
12908 176 37.0 T
12913 175 36.1 T
12919 176 36.5 T
12922 177 36.8 T
12933 1 27.0 A
12938 161 36.6 T
12944 158 36.1 T
12945 159 35.9 T
12947 160 36.4 T
12954 155 35.7 T
12957 151 36.8 T
12965 158 34.9 T
12972 1 16.0 A
12974 167 35.9 T
12977 172 35.7 T
12983 167 34.9 T
12986 160 34.8 T
12989 161 37.1 T
12995 1 39.0 C
13001 1 15.0 G
13005 1 15.0 A
13006 140 36.2 T
13015 135 36.8 T
13016 132 37.2 T
13017 1 13.0 A
13020 131 36.4 T
13022 126 35.4 T
13030 123 35.4 T
13032 1 14.0 A
13034 116 32.3 T
13039 112 34.3 T
13044 1 16.0 C
13046 107 35.4 T
13052 1 15.0 G
13057 1 16.0 A
13064 109 34.8 T
13066 110 34.2 T
13073 99 35.2 T
13076 89 34.1 T
13081 88 33.0 T
13083 1 15.0 A
13089 86 35.1 T
13091 88 35.1 T
13094 83 37.0 T
13095 86 36.0 T
13097 89 36.9 T
13098 1 16.0 A
13106 90 35.9 T
13108 92 36.1 T
13109 91 36.7 T
13111 88 36.5 T
13112 93 37.4 T
13115 97 36.4 T
13118 96 36.1 T
13123 95 35.2 T
13124 93 35.7 T
13129 1 15.0 C
13133 90 36.2 T
13143 94 36.9 T
13151 101 36.6 T
13153 1 16.0 A
13154 101 35.6 T
13161 106 34.4 T
13163 110 36.5 T
13169 107 36.9 T
13171 107 36.7 T
13174 110 36.8 T
13175 110 37.6 T
13182 106 35.4 T
13184 99 36.6 T
13186 1 40.0 A
13191 99 36.9 T
13193 103 37.4 T
13195 98 37.7 T
13196 103 38.1 T
13205 104 38.0 T
13207 105 38.0 T
13214 105 37.6 T
13215 107 37.4 T
13221 1 16.0 A
13224 112 36.3 T
13225 2 26.5 G
13228 1 16.0 A
13229 115 36.6 T
13232 1 16.0 A
13234 1 16.0 A
13235 1 15.0 A
13236 1 15.0 A
13238 115 36.8 T
13241 118 38.2 T
13246 115 37.5 T
13247 115 37.2 T
13249 111 36.3 T
13254 106 36.7 T
13255 103 37.3 T
13260 96 37.6 T
13265 102 37.0 T
13268 1 16.0 G
13271 114 36.0 T
13274 119 36.8 T
13277 120 36.4 T
13280 122 36.8 T
13281 124 37.0 T
13286 143 37.6 T
13292 142 35.2 T
13307 140 37.4 T
13312 147 36.1 T
13313 148 36.9 T
13316 158 37.3 T
13322 151 37.8 T
13324 155 37.1 T
13326 159 38.0 T
13332 1 38.0 C
13336 172 36.0 T
13337 171 37.1 T
13338 1 34.0 C
13339 171 36.8 T
13340 172 37.5 T
13349 180 36.4 T
13352 166 37.3 T
13354 172 36.9 T
13355 177 37.4 T
13356 177 37.6 T
13358 171 37.8 T
13359 1 16.0 G
13360 169 38.4 T
13361 1 15.0 G
13363 164 35.8 T
13369 159 36.1 T
13373 155 37.0 T
13376 155 36.5 T
13381 1 16.0 A
13385 169 37.1 T
13386 167 37.4 T
13388 1 27.0 A
13392 177 37.6 T
13395 2 35.0 A
13401 181 37.3 T
13403 177 36.7 T
13404 180 37.2 T
13408 1 16.0 A
13409 1 16.0 A
13412 188 36.9 T
13421 182 36.2 T
13424 180 35.5 T
13433 161 34.8 T
13436 1 16.0 C
13437 154 29.7 T
13439 153 33.8 T
13443 151 33.9 T
13444 151 35.4 T
13447 1 16.0 A
13450 147 35.9 T
13454 144 36.3 T
13460 147 37.1 T
13461 145 37.7 T
13469 141 37.1 T
13474 139 37.6 T
13475 139 38.2 T
13481 1 15.0 G
13484 131 37.3 T
13488 126 36.0 T
13489 127 36.7 T
13490 132 36.9 T
13493 127 37.5 T
13500 130 36.7 T
13501 132 36.6 T
13502 133 37.2 T
13504 128 37.4 T
13507 127 37.1 T
13520 113 37.2 T
13522 1 16.0 A
13523 115 37.4 T
13531 1 16.0 G
13534 1 14.0 A
13538 141 37.1 T
13540 140 36.0 T
13542 1 15.0 A
13543 139 36.4 T
13555 132 37.1 T
13562 135 37.0 T
13564 136 36.7 T
13566 139 36.3 T
13568 135 36.5 T
13569 135 37.4 T
13572 130 35.8 T
13574 132 36.4 T
13577 131 37.2 T
13581 130 35.7 T
13585 130 35.0 T
13589 114 37.8 T
13600 102 34.6 T
13602 102 36.5 T
13608 101 36.2 T
13613 98 36.0 T
13616 95 34.8 T
13617 94 36.5 T
13619 98 35.1 T
13620 98 36.8 T
13622 94 36.7 T
13628 81 36.3 T
13635 70 37.5 T
13641 70 38.5 T
13645 71 34.1 T
13646 69 36.0 T
13655 65 32.8 T
13656 61 36.2 T
13659 59 33.2 T
13664 57 34.6 T
13665 57 36.2 T
13674 50 35.7 T
13685 43 33.1 T
13688 43 34.1 T
13692 1 39.0 C
13697 39 33.9 T
13698 41 36.5 T
13706 32 33.5 T
13710 8 37.1 A
13721 27 31.4 T
13723 27 30.3 T
13724 28 35.2 T
13725 1 14.0 C
13731 1 15.0 A
13732 36 30.9 T
13733 37 30.5 T
13734 37 33.8 T
13736 34 33.4 T
13739 38 31.1 T
13740 38 34.1 T
13743 36 34.5 T
13751 39 32.8 T
13752 39 35.5 T
13753 42 35.1 T
13762 41 31.3 T
13767 1 37.0 C
13768 38 29.7 T
13769 39 33.3 T
13781 45 30.2 T
13787 46 30.4 T
13789 48 30.6 T
13793 53 35.9 T
13799 52 34.1 T
13803 1 16.0 A
13808 54 34.9 T
13812 56 34.1 T
13814 59 35.0 T
13816 1 15.0 A
13818 61 32.5 T
13819 61 33.1 T
13820 60 34.2 T
13823 60 35.3 T
13829 59 34.8 T
13830 64 35.6 T
13832 64 36.5 T
13837 1 15.0 G
13841 60 34.3 T
13847 56 33.7 T
13852 74 33.8 T
13856 72 35.9 T
13868 101 36.0 T
13869 110 36.9 T
13874 108 36.9 T
13879 113 35.7 T
13886 125 36.6 T
13888 131 36.4 T
13894 139 37.2 T
13895 144 37.1 T
13896 145 37.2 T
13897 148 37.3 T
13898 1 16.0 A
13899 148 37.2 T
13900 148 36.5 T
13901 149 37.1 T
13903 152 35.7 T
13909 1 16.0 A
13910 165 36.9 T
13913 167 37.5 T
13918 173 34.2 T
13919 172 35.1 T
13921 175 36.2 T
13926 185 37.4 T
13931 180 36.4 T
13941 1 27.0 C
13943 1 40.0 C
13944 3 31.0 A
13946 190 34.9 T
13951 177 36.3 T
13953 3 31.7 T
13955 184 37.0 T
13961 193 35.9 T
13962 194 37.0 T
13964 189 37.5 T
13965 193 37.6 T
13968 1 34.0 G
13979 205 36.9 T
13985 208 37.1 T
13988 210 35.5 T
13991 215 35.5 T
13994 206 37.6 T
13997 1 25.0 A
13999 1 39.0 C
14000 205 36.9 T
14005 201 36.9 T
14009 212 36.5 T
14011 1 15.0 G
14016 1 27.0 G
14018 214 35.4 T
14020 223 34.6 T
14021 223 34.9 T
14025 229 35.4 T
14029 1 16.0 A
14033 233 35.1 T
14034 231 35.6 T
14035 234 35.9 T
14047 2 15.5 A
14048 238 32.5 T
14049 1 16.0 C
14050 238 32.3 T
14052 1 16.0 C
14054 1 16.0 C
14056 240 34.1 T
14060 246 34.6 T
14063 247 35.6 T
14065 1 16.0 A
14068 255 35.7 T
14081 1 16.0 G
14083 1 16.0 A
14084 267 36.5 T
14087 267 36.1 T
14088 269 36.5 T
14093 284 33.7 T
14094 284 33.4 T
14095 282 34.7 T
14098 290 34.7 T
14099 289 34.5 T
14101 1 15.0 C
14102 296 35.0 T
14104 290 36.0 T
14106 299 36.2 T
14107 296 36.3 T
14108 304 36.6 T
14110 305 36.1 T
14111 304 36.2 T
14113 303 36.8 T
14114 304 37.1 T
14120 302 35.4 T
14122 1 16.0 A
14123 301 36.2 T
14126 306 37.0 T
14132 320 37.5 T
14135 332 35.9 T
14138 334 37.5 T
14141 335 36.2 T
14143 1 15.0 A
14146 329 37.0 T
14149 1 15.0 C
14151 305 37.2 T
14152 1 15.0 A
14153 306 36.7 T
14154 306 36.3 T
14161 1 15.0 A
14162 1 13.0 G
14166 321 35.1 T
14168 320 34.9 T
14170 1 16.0 A
14172 318 35.8 T
14173 312 36.5 T
14177 1 15.0 A
14178 312 35.8 T
14180 310 35.8 T
14182 314 35.7 T
14197 321 36.8 T
14199 320 36.4 T
14200 311 36.5 T
14208 300 37.7 T
14212 311 36.1 T
14213 2 27.0 A
14215 311 36.1 T
14218 304 36.4 T
14221 305 36.0 T
14231 306 36.9 T
14234 309 35.8 T
14237 315 36.7 T
14239 1 16.0 C
14245 1 15.0 C
14256 407 36.6 T
14260 1 13.0 A
14261 359 34.6 T
14264 361 35.6 T
14267 1 16.0 C
14271 380 35.1 T
14275 1 16.0 C
14278 382 36.4 T
14279 1 15.0 G
14285 378 35.8 T
14287 387 35.8 T
14290 389 36.4 T
14291 392 36.6 T
14294 398 36.7 T
14296 2 15.5 A
14297 1 16.0 A
14298 397 35.3 T
14299 399 36.5 T
14301 406 35.9 T
14302 402 36.9 T
14307 369 35.5 T
14308 371 35.4 T
14311 379 37.0 T
14316 389 36.5 T
14318 391 36.7 T
14319 395 36.5 T
14323 1 16.0 G
14324 367 36.3 T
14325 372 36.0 T
14326 355 37.0 T
14345 340 36.0 T
14348 353 36.9 T
14351 337 36.3 T
14353 332 35.9 T
14354 325 35.7 T
14355 335 36.0 T
14362 1 16.0 C
14371 368 36.1 T
14374 366 37.2 T
14376 1 16.0 C
14378 360 35.6 T
14382 361 37.0 T
14386 391 34.6 T
14395 395 35.0 T
14403 415 34.2 T
14409 1 27.0 A
14414 424 34.2 T
14417 1 14.0 A
14422 469 36.2 T
14427 1 27.0 C
14431 468 36.1 T
14432 2 16.0 G
14434 2 27.5 C
14435 485 35.1 T
14441 508 36.3 T
14442 1 16.0 A
14444 521 34.9 T
14447 517 35.4 T
14449 1 16.0 A
14451 534 36.8 T
14453 1 16.0 G
14455 1 15.0 C
14457 525 36.8 T
14461 525 36.2 T
14462 1 14.0 G
14463 537 37.6 T
14466 563 36.7 T
14468 570 36.5 T
14469 1 15.0 A
14470 577 35.2 T
14472 1 16.0 C
14473 1 15.0 A
14481 1 16.0 C
14484 592 35.8 T
14485 1 40.0 C
14487 618 35.2 T
14488 625 34.5 T
14494 633 35.7 T
14495 1 39.0 A
14497 2 23.5 A
14498 665 35.8 T
14502 691 35.4 T
14503 689 35.8 T
14505 2 16.0 A
14507 1 16.0 A
14512 694 36.1 T
14514 679 35.1 T
14515 681 35.4 T
14517 1 16.0 A
14521 1 16.0 C
14523 694 36.6 T
14525 693 36.3 T
14526 1 16.0 A
14530 718 33.7 T
14532 2 20.5 C
14534 1 35.0 C
14540 667 35.5 T
14541 660 36.1 T
14547 624 37.0 T
14550 628 36.7 T
14553 1 40.0 C
14558 1 15.0 C
14560 1 16.0 G
14561 1 16.0 A
14563 2 35.0 C
14569 1 16.0 G
14571 561 33.9 T
14576 1 15.0 A
14577 547 35.9 T
14581 533 36.3 T
14584 518 36.3 T
14594 444 36.9 T
14598 376 35.9 T
14600 1 37.0 G
14602 1 39.0 A
14609 306 34.7 T
14610 298 36.1 T
14616 1 16.0 A
14623 1 15.0 C
14624 1 31.0 A
14631 1 16.0 C
14634 137 36.7 T
14635 133 37.1 T
14638 123 37.3 T
14649 89 35.7 T
14666 63 37.4 T
14670 54 36.1 T
14673 48 37.2 T
14674 47 38.2 T
14676 42 38.6 T
14677 41 38.5 T
14679 39 38.5 T
14687 1 16.0 A
14689 25 36.2 T
14704 17 35.9 T
14707 14 35.9 T
14709 11 35.6 T
14719 6 37.0 T
14722 6 37.2 T
14723 6 36.8 T
14725 6 32.5 T
14727 6 35.2 T
14728 6 35.2 T
14729 6 36.2 T
14734 6 33.2 T
14748 83 35.2 T
14757 83 35.9 T
14761 2 37.0 C
14766 3 38.3 C
14767 83 35.1 T
14775 83 36.0 T
14778 83 33.7 T
14783 83 33.7 T
14784 83 35.3 T
14787 83 34.4 T
14788 83 35.5 T
14795 83 35.9 T
14798 83 36.4 T
14799 83 36.6 T
14802 83 36.0 T
14808 85 34.7 T
14819 8 32.2 T
14826 6 31.8 T
14828 6 29.8 T
14834 6 37.5 T
14837 5 38.8 T
14843 6 36.2 T
14844 6 36.8 T
14849 8 36.5 T
14853 8 32.4 T
14856 8 34.7 T
14857 8 38.4 T
14864 8 38.9 T
14868 12 35.9 T
14871 12 33.7 T
14874 12 35.9 T
14880 17 34.7 T
14892 35 36.5 T
14894 35 36.6 T
14895 35 35.5 T
14898 35 37.1 T
14902 1 16.0 C
14904 33 36.2 T
14909 43 35.3 T
14912 43 35.7 T
14924 54 34.1 T
14933 55 35.2 T
14934 59 35.7 T
14935 61 36.1 T
14936 60 36.3 T
14939 62 36.4 T
14943 63 37.0 T
14952 66 35.7 T
14956 67 34.5 T
14964 56 38.3 T
14968 64 37.0 T
14969 64 36.8 T
14971 65 37.4 T
14975 69 37.4 T
14979 62 36.7 T
14982 64 36.4 T
14987 71 36.1 T
14991 73 36.0 T
14992 74 36.5 T
15001 81 36.6 T
15008 72 36.0 T
15012 75 36.7 T
15013 1 16.0 A
15014 72 36.7 T
15015 71 36.9 T
15017 72 36.0 T
15018 76 37.2 T
15019 76 37.1 T
15021 79 36.9 T
15023 81 37.7 T
15027 83 35.0 T
15029 85 35.7 T
15030 85 36.2 T
15033 83 37.9 T
15039 85 35.8 T
15051 103 36.6 T
15053 102 37.3 T
15055 104 35.9 T
15056 105 36.6 T
15062 112 36.1 T
15063 1 16.0 C
15065 106 37.9 T
15066 107 38.2 T
15067 107 38.1 T
15069 109 37.1 T
15071 115 37.2 T
15074 113 36.7 T
15083 120 37.9 T
15090 121 37.2 T
15096 120 37.0 T
15097 120 37.7 T
15099 123 36.9 T
15102 131 36.3 T
15105 131 37.9 T
15106 1 13.0 G
15108 129 36.8 T
15109 129 37.8 T
15115 122 36.8 T
15117 124 37.1 T
15128 120 37.1 T
15129 122 37.7 T
15132 119 37.8 T
15137 118 36.8 T
15139 112 37.5 T
15141 113 38.1 T
15144 107 37.4 T
15149 98 37.6 T
15159 99 35.8 T
15161 96 36.1 T
15164 99 36.1 T
15165 99 36.4 T
15167 95 37.4 T
15180 99 37.4 T
15183 96 37.3 T
15184 93 37.2 T
15191 94 36.9 T
15192 93 37.6 T
15195 91 37.5 T
15197 89 36.5 T
15204 87 37.2 T
15209 88 37.6 T
15213 84 36.8 T
15214 84 35.9 T
15225 79 37.4 T
15228 78 36.7 T
15229 79 36.6 T
15233 83 37.6 T
15237 80 36.9 T
15238 1 39.0 C
15239 81 37.1 T
15248 76 37.4 T
15251 67 37.4 T
15255 70 37.1 T
15262 63 36.3 T
15269 1 14.0 C
15270 59 35.8 T
15278 71 35.2 T
15279 71 36.2 T
15281 74 35.6 T
15282 74 36.4 T
15283 74 36.5 T
15287 74 35.6 T
15288 75 36.1 T
15289 75 36.2 T
15293 88 34.8 T
15294 86 36.0 T
15297 86 35.4 T
15299 89 36.8 T
15300 91 35.7 T
15305 94 35.8 T
15306 98 36.6 T
15309 99 36.8 T
15310 103 36.2 T
15312 109 36.1 T
15313 110 36.4 T
15321 135 36.6 T
15330 157 35.4 T
15336 158 34.1 T
15339 169 36.0 T
15341 169 35.1 T
15342 171 34.6 T
15344 185 35.1 T
15345 191 34.9 T
15356 1 16.0 G
15359 247 34.0 T
15372 279 36.2 T
15375 1 31.0 G
15376 1 16.0 A
15378 317 34.6 T
15383 330 34.2 T
15388 344 35.9 T
15389 348 36.1 T
15394 375 35.1 T
15396 1 14.0 A
15397 2 16.0 A
15399 395 34.9 T
15401 1 16.0 A
15404 403 34.9 T
15405 404 34.9 T
15410 1 15.0 C
15411 1 16.0 C
15412 418 35.1 T
15413 419 35.7 T
15416 425 36.3 T
15417 1 15.0 A
15419 1 14.0 A
15423 474 36.4 T
15426 1 15.0 A
15435 569 35.6 T
15438 1 14.0 G
15439 1 15.0 C
15440 633 33.0 T
15441 641 34.1 T
15444 642 34.9 T
15445 653 35.8 T
15447 668 33.8 T
15449 681 34.5 T
15450 689 35.5 T
15453 730 36.0 T
15454 734 36.1 T
15456 751 35.7 T
15458 781 35.9 T
15461 822 37.2 T
15462 830 37.5 T
15465 934 36.3 T
15467 1 16.0 A
15469 1 16.0 A
15470 1018 36.0 T
15471 1025 36.0 T
15476 1 16.0 C
15477 1131 36.6 T
15479 1163 36.5 T
15480 1191 36.8 T
15481 1 27.0 C
15482 1228 36.2 T
15487 1 16.0 A
15492 1366 36.4 T
15495 1425 37.2 T
15498 1 16.0 G
15500 1 13.0 G
15505 1 16.0 A
15509 1 16.0 A
15510 2 26.5 A
15511 1710 35.8 T
15512 1720 36.4 T
15514 1748 36.6 T
15519 1811 36.7 T
15522 1 37.0 C
15524 1 15.0 A
15525 1 14.0 A
15527 1 16.0 C
15530 2047 35.6 T
15531 2090 36.3 T
15533 1 16.0 A
15538 1 16.0 C
15540 1 15.0 C
15541 2145 34.4 T
15543 2 16.0 C
15545 2 16.0 C
15549 2302 36.3 T
15550 1 14.0 C
15552 1 16.0 A
15559 1 27.0 A
15560 2581 36.9 T
15562 1 39.0 A
15563 2582 37.0 T
15565 2586 36.5 T
15566 2592 36.7 T
15567 2615 37.0 T
15569 1 16.0 C
15570 2656 37.2 T
15572 2739 37.0 T
15573 2742 37.6 T
15574 1 38.0 C
15575 2 27.0 G
15578 2827 35.9 T
15579 1 40.0 A
15580 1 30.0 C
15581 1 16.0 A
15583 1 15.0 A
15585 2879 36.1 T
15586 2901 37.0 T
15587 1 16.0 C
15588 2979 36.4 T
15590 1 16.0 C
15593 3195 36.0 T
15596 1 16.0 G
15597 3304 36.9 T
15598 3 31.0 C
15601 3334 36.2 T
15602 1 16.0 A
15604 2 36.5 C
15605 3 15.7 A
15607 1 16.0 A
15608 2 31.5 C
15609 3469 37.4 T
15612 1 16.0 G
15615 1 27.0 G
15616 2 36.5 C
15617 1 16.0 G
15618 3678 36.0 T
15620 2 15.0 C
15621 3724 37.2 T
15622 3747 37.5 T
15623 1 16.0 G
15624 2 40.0 C
15625 1 16.0 C
15626 1 16.0 C
15627 3800 37.7 T
15629 3803 36.3 T
15630 3830 36.8 T
15631 1 14.0 A
15633 3889 36.6 T
15635 3879 35.7 T
15637 1 16.0 C
15638 1 16.0 A
15639 3867 36.1 T
15642 3901 35.8 T
15643 1 40.0 C
15644 1 16.0 A
15645 3909 36.6 T
15646 1 14.0 C
15648 3895 37.6 T
15649 2 16.0 A
15650 2 15.5 G
15653 1 16.0 A
15654 3913 37.0 T
15656 1 16.0 A
15657 3890 37.1 T
15658 1 15.0 C
15659 4 16.0 C
15660 1 13.0 C
15663 3878 37.0 T
15665 2 16.0 C
15666 3868 36.0 T
15668 1 16.0 C
15669 1 25.0 A
15670 3823 36.9 T
15672 3819 36.5 T
15674 3773 36.1 T
15676 2 16.0 C
15677 1 15.0 A
15678 1 15.0 A
15679 3 29.3 A
15682 1 16.0 A
15684 3 25.3 A
15685 1 16.0 A
15686 1 15.0 A
15687 1 16.0 G
15688 1 39.0 C
15690 3465 37.4 T
15691 1 40.0 A
15692 1 16.0 A
15693 3425 36.9 T
15695 3393 37.0 T
15696 3383 37.3 T
15697 3370 37.7 T
15700 2 14.5 C
15702 3 21.3 C
15703 1 40.0 A
15705 3277 37.4 T
15706 1 14.0 A
15707 1 15.0 A
15708 1 15.0 G
15711 1 16.0 A
15713 3117 36.1 T
15715 1 16.0 A
15717 2921 36.7 T
15718 2884 37.0 T
15719 2838 37.6 T
15721 2786 37.7 T
15722 2764 37.6 T
15723 8 14.6 G
15724 2 15.0 A
15725 1 15.0 C
15726 2611 36.4 T
15729 2564 37.2 T
15730 1 13.0 A
15733 1 27.0 C
15736 1 14.0 A
15737 2 15.0 G
15738 1 13.0 A
15741 2296 36.1 T
15743 1 16.0 C
15744 2197 36.0 T
15747 2115 36.2 T
15748 2086 36.7 T
15750 1964 35.8 T
15751 1 15.0 A
15752 1 27.0 A
15753 1 16.0 C
15754 3 39.3 C
15755 1837 37.4 T
15756 2 25.0 G
15757 2 14.5 A
15759 1750 36.8 T
15761 2 16.0 G
15764 1 14.0 G
15769 2 14.5 A
15774 1328 38.1 T
15779 1189 36.6 T
15780 1 38.0 A
15784 1068 37.3 T
15785 1049 37.1 T
15786 1031 37.3 T
15787 994 37.7 T
15792 872 36.9 T
15793 1 16.0 C
15795 811 37.3 T
15796 793 37.5 T
15797 1 14.0 G
15801 1 13.0 A
15804 597 38.1 T
15807 1 16.0 C
15809 510 36.5 T
15810 1 40.0 C
15813 474 37.1 T
15816 441 36.8 T
15818 416 35.5 T
15821 382 36.2 T
15822 377 36.7 T
15831 269 35.6 T
15833 1 16.0 C
15834 223 37.1 T
15837 199 35.3 T
15840 186 36.3 T
15843 164 36.5 T
15850 140 37.7 T
15852 134 36.5 T
15854 121 35.5 T
15858 109 37.2 T
15861 91 37.1 T
15862 86 36.9 T
15873 51 35.2 T
15876 45 33.5 T
15881 32 35.7 T
15887 19 35.8 T
15889 4 37.0 T
15892 4 39.0 T
15893 4 39.5 T
15895 3 38.7 T
15898 4 35.2 T
15900 4 37.0 T
15905 4 36.7 T
15908 4 36.7 T
15916 3 34.0 T
15918 3 36.3 T
15919 3 36.7 T
15921 3 30.3 T
15932 3 37.7 T
15940 3 33.0 T
15941 3 35.7 T
15942 3 29.3 T
15943 3 30.7 T
15944 3 27.7 T
15956 21 39.5 T
15968 21 39.1 T
15970 21 38.6 T
15971 21 39.4 T
15972 21 39.2 T
15976 21 37.7 T
15983 21 38.3 T
15984 21 38.6 T
15997 21 38.8 T
16002 21 37.1 T
16003 21 36.7 T
16005 21 35.3 T
16008 21 35.3 T
16009 21 36.9 T
16010 21 37.5 T
16015 21 37.6 T
16017 21 37.5 T
16018 21 36.4 T
16020 21 36.0 T
16022 1 40.0 T
16086 1 36.0 T
16088 1 36.0 T
16090 1 34.0 T
16092 3 38.0 T
16093 3 35.0 T
16094 3 29.7 T
16097 3 38.7 T
16101 3 36.7 T
16102 3 38.3 T
16105 3 36.7 T
16117 5 39.6 T
16121 5 38.8 T
16123 5 39.2 T
16124 5 38.6 T
16126 7 38.1 T
16131 7 39.3 T
16136 7 39.0 T
16140 9 38.6 T
16143 9 39.3 T
16144 9 37.1 T
16152 11 35.9 T
16154 11 39.1 T
16157 13 36.5 T
16161 13 37.2 T
16172 20 33.6 T
16178 19 33.9 T
16189 23 31.2 T
16195 23 35.1 T
16198 23 33.5 T
16199 23 38.3 T
16209 22 38.2 T
16217 22 36.2 T
16224 28 31.3 T
16229 29 36.2 T
16231 32 33.8 T
16238 35 36.7 T
16243 35 34.1 T
16249 33 33.2 T
16263 39 33.9 T
16271 35 36.1 T
16276 39 35.2 T
16278 1 16.0 C
16288 42 35.5 T
16289 1 16.0 A
16293 1 16.0 A
16297 47 34.3 T
16298 48 36.4 T
16304 57 35.5 T
16308 62 35.1 T
16311 66 36.3 T
16315 65 35.9 T
16323 61 34.2 T
16324 61 34.3 T
16325 61 37.3 T
16330 58 37.0 T
16334 55 36.2 T
16341 58 34.6 T
16342 56 36.7 T
16347 60 36.1 T
16352 62 35.0 T
16356 60 36.1 T
16357 63 32.8 T
16359 62 34.9 T
16368 61 35.6 T
16372 56 36.6 T
16381 48 36.1 T
16386 47 37.6 T
16392 46 37.2 T
16396 41 37.2 T
16397 41 37.4 T
16406 31 34.7 T
16409 26 36.5 T
16413 27 36.7 T
16418 31 36.3 T
16422 26 33.7 T
16424 26 34.5 T
16434 1 15.0 G
16437 22 35.2 T
16440 23 38.0 T
16443 28 37.5 T
16445 26 35.8 T
16448 25 32.7 T
16452 20 35.8 T
16462 18 37.1 T
16468 21 35.0 T
16469 20 37.3 T
16475 21 39.1 T
16479 22 38.7 T
16484 23 37.3 T
16489 23 36.1 T
16491 23 37.8 T
16493 23 36.1 T
16495 1 16.0 C
16500 23 37.1 T
16502 23 37.8 T
16505 20 38.4 T
16506 20 38.4 T
16509 16 35.6 T
16512 13 37.1 T
16513 11 35.6 T
16519 11 39.5 T
16522 11 37.1 T
16529 11 37.4 T
16533 11 37.8 T
16544 8 38.9 T
16545 8 36.6 T
16550 8 38.0 T
16551 8 37.9 T
16555 8 37.0 T
16562 5 37.6 T
16568 3 36.7 T
