3 1 40.0 T
10 1 40.0 T
12 1 40.0 T
14 1 40.0 T
20 1 40.0 T
22 1 40.0 T
23 1 39.0 T
30 1 39.0 T
40 1 39.0 T
42 1 39.0 T
46 1 40.0 T
50 1 40.0 T
51 1 40.0 T
52 1 39.0 T
55 1 40.0 T
57 1 40.0 T
58 1 40.0 T
59 1 40.0 T
60 1 40.0 T
63 1 39.0 T
65 1 40.0 T
72 1 40.0 T
74 1 40.0 T
83 1 40.0 T
88 1 40.0 T
89 4 34.5 T
99 27 36.1 T
115 33 35.5 T
117 33 36.1 T
119 33 36.5 T
125 33 37.5 T
127 33 37.4 T
129 33 38.5 T
131 33 37.2 T
133 37 34.7 T
134 37 34.0 T
135 37 35.3 T
138 37 36.1 T
139 37 37.0 T
142 37 38.1 T
146 37 37.4 T
149 37 35.9 T
150 37 38.0 C
152 40 37.5 T
154 40 37.3 T
155 43 37.4 T
157 43 36.6 T
158 17 37.2 T
159 17 35.9 T
161 17 35.6 T
168 18 34.7 T
172 20 36.3 T
173 20 36.3 T
177 22 35.0 T
179 24 35.7 T
180 24 36.6 T
192 32 35.8 T
195 32 35.7 T
196 32 37.2 T
199 32 36.3 T
204 42 36.5 T
206 42 37.4 T
208 42 36.1 T
209 42 37.5 T
212 42 34.6 T
213 43 34.7 T
216 45 34.6 T
217 45 36.7 T
220 45 35.8 T
223 46 35.5 T
224 48 37.3 T
226 48 37.7 T
233 45 37.5 T
236 48 35.2 T
239 49 36.0 T
245 48 36.7 T
246 48 37.9 T
250 48 37.1 T
252 48 37.0 T
254 46 37.5 T
259 1 39.0 A
265 47 34.9 T
266 47 35.7 T
267 47 37.1 T
279 41 34.6 T
282 38 36.8 T
292 33 33.0 T
293 31 32.7 T
294 32 33.4 T
310 6 19.5 T
318 11 24.1 T
319 13 31.2 T
321 14 26.1 T
333 17 29.5 T
334 17 33.4 T
342 70 30.5 T
344 70 31.2 T
346 71 32.8 T
347 1 16.0 G
372 75 34.8 T
383 76 36.0 T
385 1 16.0 A
391 80 35.4 T
392 80 36.3 T
393 80 36.8 T
398 81 36.3 T
399 81 36.0 T
400 81 35.7 T
401 81 36.4 T
403 80 36.1 T
405 79 35.1 T
406 66 36.6 T
407 33 37.9 T
408 34 37.8 T
409 1 15.0 G
414 22 36.7 T
416 22 38.3 T
421 22 37.5 T
422 22 36.7 T
423 22 36.7 T
424 22 37.0 T
430 19 38.0 T
442 18 29.6 T
449 13 30.7 T
450 13 32.8 T
452 13 32.8 T
453 13 34.1 T
454 13 33.8 T
455 13 34.3 T
460 13 22.8 T
466 10 26.1 T
471 9 27.2 T
474 8 27.5 T
477 8 32.7 T
480 8 30.9 T
482 8 29.4 T
485 7 24.9 T
489 5 30.6 T
504 3 29.7 T
507 2 37.0 T
650 89 38.2 T
654 89 36.6 T
655 89 37.6 T
656 89 37.7 T
659 89 38.5 T
662 89 38.4 T
667 89 38.3 T
668 89 38.2 T
669 89 38.7 T
671 89 37.8 T
673 89 37.9 T
674 89 38.3 T
678 92 36.7 T
680 92 37.6 T
681 92 37.8 T
684 95 38.2 T
689 95 37.0 T
690 95 36.6 T
696 95 37.4 T
704 95 36.9 T
707 1 15.0 C
710 95 36.4 T
711 94 37.1 T
716 94 33.7 T
720 6 37.5 T
721 6 37.7 T
727 6 37.7 T
729 6 37.3 T
733 6 37.0 T
742 7 32.9 T
758 4 27.7 T
773 12 38.2 T
779 10 35.4 T
788 12 35.6 T
789 12 38.1 T
794 16 35.9 T
800 2 38.0 C
821 24 36.8 T
824 27 37.5 T
825 27 37.2 T
830 28 37.8 T
831 28 37.9 T
832 28 37.7 T
838 28 37.7 T
848 31 36.8 T
849 31 37.1 T
850 33 36.9 T
854 38 38.1 T
859 40 37.2 T
861 42 37.2 T
864 41 38.5 T
871 1 16.0 A
875 42 37.1 T
876 44 38.3 T
879 44 38.0 T
883 43 38.2 T
884 43 38.6 T
885 43 39.0 T
886 1 16.0 C
888 49 38.3 T
903 63 36.9 T
911 61 34.8 T
912 63 35.3 T
921 58 37.5 T
925 59 37.9 T
937 71 37.6 T
944 77 38.2 T
946 83 36.9 T
947 82 36.1 T
948 81 37.4 T
949 79 37.4 T
953 85 36.8 T
961 87 35.0 T
968 104 37.1 T
974 115 37.1 T
980 119 36.8 T
985 119 38.1 T
989 127 36.3 T
990 123 36.1 T
992 126 36.8 T
1000 123 35.7 T
1005 178 36.6 T
1006 178 36.8 T
1015 1 16.0 A
1016 194 36.6 T
1021 194 36.6 T
1029 197 37.7 T
1033 193 35.3 T
1034 190 36.6 T
1035 193 37.0 T
1040 187 37.0 T
1042 186 36.1 T
1044 184 36.9 T
1051 1 15.0 A
1055 183 36.1 T
1059 178 35.1 T
1062 1 16.0 G
1064 1 16.0 C
1071 110 37.0 T
1076 109 35.2 T
1077 117 36.2 T
1081 112 36.0 T
1089 117 36.1 T
1091 117 36.8 T
1093 3 34.0 C
1094 115 36.3 T
1095 121 37.7 T
1101 125 36.6 T
1107 116 35.4 T
1114 111 35.5 T
1115 114 35.8 T
1119 133 35.4 T
1124 1 39.0 A
1127 1 16.0 A
1129 113 37.3 T
1132 110 35.6 T
1137 1 14.0 A
1144 102 36.5 T
1146 2 38.0 C
1157 88 33.3 T
1158 90 34.9 T
1164 83 34.1 T
1174 87 35.5 T
1180 100 36.4 T
1183 104 33.5 T
1184 101 35.8 T
1187 95 35.9 T
1189 97 35.6 T
1193 89 35.5 T
1195 93 36.9 T
1205 110 37.1 T
1207 114 36.9 T
1208 109 37.4 T
1210 111 38.5 T
1212 116 38.1 T
1215 116 37.0 T
1219 126 37.3 T
1229 178 36.0 T
1235 199 37.0 T
1243 227 37.0 T
1245 234 37.5 T
1246 244 37.7 T
1249 256 35.6 T
1253 1 16.0 C
1255 275 36.9 T
1257 287 37.1 T
1259 294 36.5 T
1267 331 37.6 T
1269 332 37.0 T
1270 333 37.5 T
1274 2 39.0 C
1281 323 37.0 T
1284 328 36.7 T
1285 1 16.0 G
1287 2 15.5 A
1291 341 36.5 T
1298 344 38.0 T
1308 339 37.9 T
1316 339 37.7 T
1324 317 35.8 T
1325 306 36.7 T
1329 296 37.6 T
1335 306 38.2 T
1337 314 38.1 T
1343 1 36.0 A
1344 295 36.5 T
1345 1 15.0 G
1347 1 13.0 G
1349 283 36.8 T
1352 1 15.0 C
1353 1 16.0 A
1354 1 15.0 A
1359 261 37.1 T
1364 245 36.8 T
1368 245 37.5 T
1369 242 37.6 T
1370 243 37.8 T
1371 241 37.7 T
1373 237 37.2 T
1376 1 16.0 C
1380 1 15.0 G
1386 202 37.7 T
1391 195 37.7 T
1395 1 16.0 C
1397 185 36.8 T
1398 181 37.3 T
1400 181 37.2 T
1406 162 37.4 T
1407 162 37.6 T
1413 145 38.0 T
1415 1 15.0 G
1419 1 15.0 G
1420 131 36.2 T
1424 129 36.2 T
1425 129 37.0 T
1426 126 37.5 T
1432 115 38.0 T
1437 89 37.7 T
1443 85 37.9 T
1446 1 15.0 A
1448 81 36.6 T
1451 69 38.0 T
1452 67 38.6 T
1455 64 38.1 T
1456 61 38.4 T
1468 44 37.4 T
1477 42 39.0 T
1490 30 37.9 T
1496 26 38.0 T
1499 21 35.8 T
1504 13 38.8 T
1506 13 37.8 T
1509 13 38.8 T
1510 13 38.7 T
1520 13 38.8 T
1521 13 38.4 T
1522 13 38.7 T
1526 11 39.5 T
1535 9 36.3 T
1541 5 33.0 T
1542 5 38.0 T
1543 5 37.8 T
1545 4 38.2 T
1547 4 35.7 T
1560 3 29.7 T
1563 3 35.3 T
1568 2 27.5 T
1607 21 37.4 T
1609 21 38.0 T
1610 20 39.0 A
1613 21 35.4 T
1614 21 32.8 T
1632 21 37.5 T
1633 21 35.5 T
1638 21 37.1 T
1639 21 38.6 T
1646 21 33.2 T
1647 21 37.5 T
1648 21 35.1 T
1653 21 35.3 T
1654 21 38.1 T
1658 22 36.8 T
1659 22 37.5 T
1666 22 35.6 T
1668 22 37.8 T
1673 181 36.8 T
1679 181 37.7 T
1694 184 37.0 T
1700 184 37.8 T
1701 184 38.1 T
1704 184 38.3 T
1716 185 38.0 T
1717 185 38.6 T
1721 181 37.9 C
1728 186 37.1 T
1729 186 36.3 T
1730 186 37.0 T
1738 186 31.9 T
1743 11 37.8 T
1745 11 34.5 T
1752 16 33.2 T
1758 26 33.6 T
1759 26 34.7 T
1766 20 36.5 T
1774 35 35.2 T
1778 40 34.0 T
1780 43 36.8 T
1783 45 37.8 T
1799 53 35.0 T
1806 61 34.1 T
1807 63 36.0 T
1809 63 37.3 T
1819 106 36.6 T
1822 112 36.6 T
1824 117 37.0 T
1834 137 37.0 T
1841 158 35.8 T
1843 164 36.2 T
1847 172 36.4 T
1848 176 36.8 T
1850 174 36.5 T
1854 188 37.4 T
1857 195 37.0 T
1861 273 36.3 T
1862 276 37.2 T
1866 288 37.1 T
1871 1 13.0 A
1872 301 37.2 T
1876 303 37.4 T
1877 305 37.4 T
1878 312 37.5 T
1889 2 36.5 C
1896 375 36.8 T
1898 1 39.0 A
1915 1 16.0 C
1920 438 35.3 T
1924 449 36.3 T
1931 1 16.0 A
1934 416 34.9 T
1941 1 40.0 G
1950 485 37.1 T
1952 494 36.5 T
1954 503 36.8 T
1956 516 37.8 T
1960 1 16.0 A
1961 1 16.0 A
1964 539 36.3 T
1966 1 16.0 G
1967 561 38.1 T
1970 1 15.0 G
1971 1 14.0 A
1975 605 36.3 T
1976 616 36.0 T
1977 619 37.0 T
1979 630 37.2 T
1983 648 37.9 T
1992 1 40.0 C
1993 1 13.0 A
1998 701 37.5 T
2005 2 26.0 C
2007 723 37.6 T
2010 742 37.4 T
2011 2 15.0 G
2012 1 16.0 A
2013 728 36.8 T
2017 725 37.7 T
2018 3 15.7 G
2020 711 36.5 T
2021 706 37.2 T
2022 1 15.0 G
2023 710 38.1 T
2027 1 16.0 A
2030 742 37.1 T
2035 762 36.9 T
2037 754 37.0 T
2038 750 37.9 T
2041 746 37.7 T
2042 745 37.8 T
2045 1 16.0 A
2047 746 38.1 T
2048 748 38.1 T
2049 743 38.4 T
2050 1 16.0 A
2052 1 16.0 A
2053 727 37.1 T
2054 724 37.7 T
2055 725 37.8 T
2058 1 16.0 C
2068 1 15.0 C
2069 710 36.5 T
2071 708 36.3 T
2075 703 36.6 T
2078 1 27.0 C
2080 685 37.2 T
2081 681 37.7 T
2082 1 13.0 G
2083 664 38.2 T
2085 1 16.0 A
2086 1 16.0 A
2087 655 36.1 T
2088 632 36.4 T
2089 632 36.9 T
2093 630 37.6 T
2095 643 38.2 T
2096 636 38.2 T
2099 617 37.2 T
2104 1 16.0 A
2112 1 15.0 A
2115 604 35.9 T
2117 616 37.2 T
2118 614 37.4 T
2119 609 37.4 T
2121 1 16.0 G
2126 615 37.5 T
2130 1 15.0 A
2132 1 15.0 A
2134 1 27.0 A
2138 605 37.7 T
2139 615 37.8 T
2141 629 38.1 T
2145 1 16.0 G
2150 630 36.6 T
2154 1 16.0 A
2156 3 23.7 A
2157 631 36.5 T
2158 634 36.4 T
2159 634 37.1 T
2160 1 15.0 A
2164 1 40.0 C
2168 678 37.2 T
2171 700 38.1 T
2173 1 16.0 G
2174 1 40.0 G
2177 683 36.9 T
2186 1 40.0 C
2188 1 16.0 A
2190 1 15.0 C
2193 697 36.1 T
2194 702 36.5 T
2204 708 35.5 T
2205 702 35.5 T
2211 695 35.6 T
2222 691 36.1 T
2226 709 36.0 T
2231 1 16.0 A
2233 696 36.7 T
2242 714 37.5 T
2244 721 37.2 T
2248 750 37.2 T
2252 1 40.0 C
2253 771 36.2 T
2256 771 35.7 T
2258 1 16.0 A
2265 1 16.0 A
2266 733 36.4 T
2267 727 37.2 T
2268 1 16.0 G
2275 711 36.8 T
2277 710 36.1 T
2279 714 36.8 T
2282 1 27.0 C
2285 702 37.3 T
2287 698 37.8 T
2288 1 34.0 A
2296 723 37.9 T
2299 743 37.8 T
2301 716 37.0 T
2302 709 37.7 T
2305 700 37.6 T
2307 693 36.8 T
2311 693 37.6 T
2316 704 37.8 T
2324 679 37.8 T
2325 673 37.9 T
2327 668 36.3 T
2330 668 37.4 T
2336 657 37.4 T
2338 1 15.0 A
2341 1 31.0 C
2342 615 37.2 T
2346 571 37.4 T
2350 1 16.0 A
2351 542 36.2 T
2352 531 37.0 T
2355 2 15.5 A
2357 2 31.0 C
2358 3 23.3 A
2360 505 37.9 T
2365 486 37.8 T
2366 10 34.7 G
2370 1 15.0 A
2371 477 35.9 T
2372 478 36.4 T
2377 1 37.0 G
2383 415 36.5 T
2384 1 15.0 A
2385 407 36.9 T
2387 392 35.8 T
2392 354 36.5 T
2404 312 36.8 T
2407 301 36.4 T
2408 296 37.3 T
2410 292 36.9 T
2411 285 37.4 T
2416 264 36.1 T
2420 261 37.1 T
2421 1 13.0 G
2422 252 37.5 T
2425 2 25.5 A
2436 1 16.0 G
2439 209 36.4 T
2442 203 33.4 T
2445 203 35.7 T
2455 191 34.3 T
2456 191 35.4 T
2465 186 37.4 T
2475 138 36.3 T
2479 1 39.0 C
2483 141 35.9 T
2485 139 35.8 T
2486 142 36.6 T
2495 125 37.2 T
2497 133 34.3 T
2498 132 34.9 T
2499 132 35.4 T
2507 1 16.0 A
2510 116 36.9 T
2513 1 16.0 C
2515 108 35.7 T
2517 106 36.6 T
2522 112 36.5 T
2528 1 16.0 G
2529 109 38.0 T
2531 107 37.7 T
2532 107 38.3 T
2545 103 36.6 T
2547 1 40.0 C
2552 104 36.5 T
2559 93 36.4 T
2561 92 37.2 T
2562 88 38.0 T
2563 91 38.0 T
2575 105 36.7 T
2580 105 36.6 T
2586 106 37.1 T
2594 118 36.8 T
2599 123 36.9 T
2602 126 37.5 T
2606 138 36.6 T
2607 138 37.4 T
2609 142 36.4 T
2610 142 37.5 T
2613 155 36.1 T
2614 155 37.2 T
2617 64 37.5 A
2618 188 37.2 T
2626 215 36.9 T
2628 215 37.6 T
2630 233 36.8 T
2634 250 36.7 T
2638 259 35.2 T
2641 1 15.0 A
2648 269 37.0 T
2649 269 37.1 T
2654 272 37.3 T
2656 279 38.1 T
2658 288 36.6 T
2660 288 36.9 T
2661 286 37.9 T
2664 295 37.6 T
2665 296 37.5 T
2666 294 37.5 T
2667 295 38.0 T
2674 302 36.6 T
2679 310 36.9 T
2680 312 37.5 T
2685 320 37.9 T
2686 1 13.0 G
2687 4 37.5 C
2691 312 36.6 T
2697 1 27.0 G
2699 1 39.0 C
2705 300 34.1 T
2728 1 15.0 C
2729 310 34.1 T
2731 316 35.6 T
2732 1 16.0 G
2737 526 36.5 T
2738 535 37.3 T
2739 543 38.1 T
2740 1 16.0 A
2742 553 36.7 T
2743 550 37.1 T
2744 547 37.8 T
2746 553 37.2 T
2747 560 38.1 T
2750 567 36.4 T
2753 1 16.0 A
2759 577 36.8 T
2760 1 14.0 A
2763 586 35.5 T
2773 1 16.0 A
2778 600 35.7 T
2781 604 36.3 T
2782 1 15.0 A
2786 618 36.5 T
2795 615 36.1 T
2799 609 33.2 T
2800 433 35.1 T
2806 454 29.6 T
2807 471 29.3 T
2808 472 32.8 T
2812 512 35.6 T
2813 525 36.1 T
2818 1 30.0 C
2821 1 13.0 C
2823 568 34.4 T
2841 587 36.6 T
2850 620 37.7 T
2854 613 37.8 T
2857 620 36.5 T
2859 1 16.0 A
2863 620 36.1 T
2864 627 36.8 T
2871 661 37.6 T
2876 1 14.0 G
2878 1 15.0 G
2879 1 15.0 A
2882 705 37.6 T
2885 723 37.3 T
2886 1 15.0 A
2887 736 37.1 T
2888 1 16.0 A
2890 766 36.2 T
2894 789 36.8 T
2895 798 37.3 T
2896 1 16.0 G
2898 812 36.6 T
2903 851 37.2 T
2907 860 37.6 T
2908 855 37.8 T
2911 1 16.0 C
2915 2 15.0 C
2916 2 38.0 G
2924 844 37.1 T
2925 860 37.5 T
2930 891 36.7 T
2931 2 14.5 A
2933 2 29.0 G
2936 955 37.2 T
2939 1 13.0 C
2942 1 27.0 C
2946 1 15.0 A
2947 1005 36.4 T
2950 1021 37.5 T
2952 1047 37.6 T
2953 1055 37.8 T
2955 1056 37.9 T
2957 2 15.5 G
2959 1 15.0 G
2960 1084 36.6 T
2963 2 38.0 A
2964 1094 37.2 T
2966 1088 37.2 T
2973 1093 36.7 T
2978 1089 36.7 T
2979 1102 37.3 T
2980 1097 37.5 T
2984 1 15.0 A
2987 1088 36.3 T
2991 1086 37.2 T
2992 1 13.0 G
2993 1106 37.9 T
2994 1105 38.1 T
2995 1 15.0 G
2998 1079 36.3 T
2999 2 27.0 C
3000 1 16.0 A
3005 2 27.0 A
3006 1067 37.1 T
3008 1 40.0 C
3012 1059 37.0 T
3014 1 15.0 G
3015 1043 37.7 T
3016 5 14.2 G
3020 1 15.0 C
3021 3 22.7 C
3022 1 15.0 G
3023 1 15.0 C
3024 1017 33.9 T
3025 2 21.0 A
3026 1011 36.1 T
3027 1015 36.9 T
3029 1 14.0 A
3033 951 38.0 T
3034 938 37.6 T
3037 917 36.8 T
3038 909 37.2 T
3039 904 37.4 T
3041 892 37.5 T
3042 892 37.5 T
3049 837 36.3 T
3050 830 37.5 T
3055 795 38.0 T
3056 1 16.0 C
3058 764 37.7 T
3062 724 38.6 T
3063 2 13.0 G
3064 2 16.0 A
3065 702 36.9 T
3067 693 37.7 T
3068 2 14.5 G
3069 1 16.0 A
3071 637 37.6 T
3072 626 37.9 T
3077 5 40.0 C
3083 526 37.2 T
3086 493 37.5 T
3091 1 15.0 G
3092 426 37.7 T
3096 418 35.8 T
3097 411 36.3 T
3098 397 37.1 T
3100 375 37.9 T
3102 364 36.5 T
3104 333 36.8 T
3107 41 37.6 N
3108 308 37.7 T
3109 267 38.4 T
3114 267 37.6 T
3115 267 38.2 T
3118 247 37.2 T
3120 1 40.0 C
3122 209 37.4 T
3124 187 38.0 T
3128 1 35.0 A
3143 99 36.8 T
3150 79 37.2 T
3153 72 37.3 T
3154 69 37.7 T
3166 42 36.2 T
3167 41 37.7 T
3174 37 38.5 T
3178 32 36.4 T
3181 29 37.3 T
3183 28 36.5 T
3186 26 35.4 T
3188 23 34.9 T
3193 18 36.7 T
3194 17 37.8 T
3199 10 39.2 T
3200 10 38.2 T
3202 10 39.2 T
3212 5 38.6 C
3227 4 36.2 T
3228 4 33.7 T
3229 3 36.0 T
3271 1 32.0 T
3272 1 35.0 T
3273 1 35.0 T
3278 1 39.0 T
3285 1 37.0 T
3286 3 34.0 T
3290 3 36.0 T
3291 3 37.7 T
3294 3 37.3 T
3296 3 39.3 T
3297 3 36.7 T
3299 3 36.0 T
3300 3 36.7 T
3308 25 37.5 T
3314 25 37.0 T
3323 28 35.1 T
3326 28 36.5 T
3329 28 36.5 T
3332 28 36.7 T
3335 28 37.0 T
3336 28 37.3 T
3338 28 37.7 T
3344 31 36.3 T
3345 31 35.8 T
3347 31 37.5 T
3350 31 36.0 T
3356 33 33.9 T
3360 1 15.0 A
3361 33 36.3 T
3362 33 36.4 T
3365 37 37.0 T
3368 36 37.0 T
3371 42 36.2 T
3372 42 36.0 T
3386 24 38.6 T
3387 24 38.4 T
3389 24 38.0 T
3394 24 36.8 T
3396 24 38.5 T
3398 24 37.0 T
3404 24 38.6 T
3422 26 38.0 T
3423 26 37.7 T
3425 26 37.0 T
3433 26 38.0 T
3440 47 34.1 T
3443 49 35.8 T
3451 50 36.0 T
3452 50 37.0 T
3456 52 36.8 T
3464 56 35.9 T
3470 59 36.5 T
3472 59 35.9 T
3473 59 36.4 T
3488 58 35.9 T
3499 1 14.0 A
3502 62 34.8 T
3504 57 33.5 T
3509 40 34.9 T
3515 38 36.9 T
3517 40 36.8 T
3521 43 36.3 T
3535 53 36.5 T
3536 53 37.2 T
3540 51 33.7 T
3542 52 36.2 T
3548 54 35.0 T
3552 59 34.5 T
3554 60 35.7 T
3555 60 37.2 T
3557 58 36.1 T
3560 54 37.0 T
3562 58 36.2 T
3572 55 33.1 T
3578 55 34.8 T
3590 60 32.9 T
3593 68 35.0 T
3599 74 35.4 T
3605 76 35.4 T
3611 77 33.4 T
3614 77 34.9 T
3616 76 36.4 T
3617 80 36.6 T
3618 80 37.7 T
3620 85 36.8 T
3621 85 37.5 T
3623 86 36.1 T
3624 1 16.0 A
3631 79 36.6 T
3633 81 37.3 T
3638 85 37.4 T
3644 85 36.3 T
3645 86 35.2 T
3646 86 37.3 T
3649 82 35.6 T
3653 83 37.0 T
3656 85 36.9 T
3658 88 37.2 T
3661 84 37.5 T
3667 82 37.2 T
3673 85 36.7 T
3679 86 36.7 T
3685 96 37.5 T
3692 88 36.2 T
3695 86 36.7 T
3696 1 16.0 C
3704 143 36.6 T
3705 1 27.0 G
3713 152 38.5 T
3725 148 37.0 T
3727 150 35.1 T
3730 155 37.4 T
3732 157 37.7 T
3737 157 36.8 T
3743 164 38.0 T
3748 1 15.0 A
3749 176 36.7 T
3752 173 35.3 T
3753 174 36.5 T
3755 181 36.2 T
3758 181 36.9 T
3760 198 35.4 T
3762 1 15.0 A
3763 1 16.0 A
3766 209 35.9 T
3767 212 37.3 T
3770 187 37.2 T
3773 208 36.3 T
3777 229 36.5 T
3781 252 33.6 T
3784 263 34.5 T
3785 276 34.8 T
3786 281 36.0 T
3787 1 37.0 A
3791 293 34.6 T
3793 304 34.5 T
3800 342 36.0 T
3801 341 37.0 T
3803 365 36.5 T
3807 1 14.0 A
3808 1 16.0 A
3809 1 16.0 C
3810 1 15.0 A
3812 1 16.0 A
3814 1 16.0 G
3817 1 16.0 C
3821 577 36.1 T
3823 600 36.9 T
3826 658 35.7 T
3827 665 36.5 T
3830 674 36.1 T
3833 710 36.6 T
3838 793 37.6 T
3841 860 37.3 T
3842 1 14.0 G
3847 915 37.0 T
3848 929 37.3 T
3849 3 15.3 G
3853 1 16.0 A
3854 1025 36.7 T
3855 1 30.0 A
3856 1 16.0 A
3857 1040 36.7 T
3859 1047 36.8 T
3861 1 40.0 A
3862 1078 34.0 T
3863 1097 34.7 T
3864 1134 35.9 T
3865 1 16.0 A
3866 1179 35.5 T
3868 1211 34.2 T
3869 1 16.0 C
3870 1 40.0 C
3873 1 16.0 A
3875 1345 36.9 T
3884 2 37.0 C
3886 1 16.0 A
3891 2 15.0 A
3893 1 16.0 C
3896 1 14.0 C
3898 1802 35.7 T
3899 1824 36.7 T
3905 1917 37.3 T
3906 1941 37.6 T
3907 3 14.7 G
3908 3 38.3 C
3912 2 13.5 A
3913 1 14.0 G
3914 3 16.0 G
3915 2 15.5 G
3917 2 15.5 A
3919 2085 35.7 T
3920 1 35.0 C
3924 1 27.0 A
3925 1 40.0 C
3926 2125 37.4 T
3929 2109 37.0 T
3931 2128 35.7 T
3935 1 22.0 G
3936 1 27.0 C
3937 2085 34.2 T
3938 2073 35.7 T
3939 2 38.0 C
3943 1 39.0 A
3944 2081 37.7 T
3946 2 16.0 G
3949 2198 36.9 T
3951 2 39.5 C
3953 1 16.0 C
3954 2 16.0 C
3958 1 15.0 G
3959 2 15.0 G
3960 1 15.0 C
3961 2 15.0 C
3964 2495 36.0 T
3965 2505 36.2 T
3968 1 37.0 C
3969 1 27.0 C
3970 1 14.0 C
3971 2637 36.5 T
3972 3 14.7 A
3973 2608 36.5 T
3974 2599 37.1 T
3976 2633 36.8 T
3977 2616 37.1 T
3978 1 16.0 C
3980 2698 37.3 T
3981 1 14.0 A
3982 1 16.0 G
3983 4 26.7 C
3985 1 15.0 G
3986 3 23.0 A
3988 2841 34.7 T
3989 1 14.0 A
3990 4 20.0 C
3992 1 15.0 C
3994 2 16.0 A
3995 1 16.0 A
3996 1 38.0 C
3998 2894 36.4 T
3999 2877 37.2 T
4001 2881 35.9 T
4002 2913 36.4 T
4004 2928 36.3 T
4007 2950 36.1 T
4009 2 16.0 A
4014 2 21.5 C
4015 2 16.0 C
4016 3052 34.5 T
4018 1 16.0 A
4019 1 39.0 C
4020 1 40.0 C
4023 3233 36.2 T
4024 1 40.0 A
4027 1 16.0 A
4028 3336 36.8 T
4030 3369 37.2 T
4031 3373 37.5 T
4034 3436 37.5 T
4037 2 16.0 G
4038 2 15.5 A
4039 4 39.0 A
4041 2 14.0 A
4042 1 16.0 A
4043 3 39.3 C
4045 3420 37.4 T
4046 1 14.0 A
4047 3398 37.1 T
4048 1 37.0 G
4049 1 16.0 A
4050 3 36.0 C
4052 1 13.0 C
4053 4 14.5 A
4055 3197 34.4 T
4057 3156 34.6 T
4062 3132 37.0 T
4067 3005 35.7 T
4069 2980 36.4 T
4072 1 16.0 A
4073 1 15.0 C
4074 2 15.0 A
4077 1 27.0 A
4078 2810 37.4 T
4079 2 14.0 A
4080 2746 36.9 T
4081 2728 37.4 T
4082 2686 38.0 T
4083 2624 37.7 T
4084 3 15.0 G
4085 2557 37.3 T
4088 1 15.0 C
4093 1 15.0 A
4094 1 27.0 C
4096 2 16.0 C
4097 2341 35.7 T
4098 4 26.5 A
4099 1 16.0 C
4100 2261 35.9 T
4101 2235 36.3 T
4103 2146 36.2 T
4104 1 16.0 A
4105 1 16.0 A
4108 1972 36.8 T
4112 1863 37.6 T
4113 2 15.5 G
4114 1787 36.3 T
4115 1739 36.9 T
4117 1651 37.0 T
4118 1596 37.8 T
4119 2 14.5 A
4120 1532 37.6 T
4123 4 15.5 A
4124 1381 36.8 T
4125 1360 37.9 T
4129 1 15.0 A
4133 1 37.0 C
4134 3 19.3 A
4135 1127 37.1 T
4137 2 23.0 C
4140 1 15.0 C
4143 2 14.5 A
4144 938 35.3 T
4145 920 36.7 T
4149 1 15.0 C
4150 807 36.0 T
4154 1 16.0 A
4160 628 35.8 T
4161 1 34.0 C
4163 573 36.5 T
4168 1 14.0 C
4169 478 35.2 T
4172 444 37.0 T
4174 426 36.8 T
4179 1 16.0 A
4183 308 36.2 T
4184 296 36.6 T
4187 258 37.0 T
4193 204 34.0 T
4199 166 37.0 T
4204 131 37.2 T
4205 131 37.2 T
4208 119 37.3 T
4209 117 38.0 T
4211 110 37.8 T
4213 105 38.1 T
4216 98 37.3 T
4218 96 37.8 T
4220 94 36.2 T
4222 93 35.9 T
4226 78 36.1 T
4232 58 36.8 T
4233 58 37.1 T
4238 53 36.8 T
4240 48 35.3 T
4247 33 36.7 T
4248 30 37.2 T
4254 25 36.6 T
4261 20 36.1 T
4268 10 35.7 T
4270 10 38.7 T
4272 10 38.8 T
4274 9 37.0 T
4277 9 38.2 T
4285 7 37.9 T
4286 7 38.1 T
4289 7 38.9 T
4290 7 39.7 T
4291 7 38.9 T
4294 7 38.9 T
4299 7 39.3 T
4303 5 37.0 T
4306 5 39.2 T
4313 5 39.4 T
4314 5 39.2 T
4323 1 38.0 T
4324 1 40.0 T
4326 1 38.0 T
4327 1 39.0 T
4328 1 40.0 T
4330 1 40.0 T
4336 1 39.0 T
4338 1 39.0 T
4344 1 38.0 T
4353 1 39.0 T
4357 1 40.0 T
4363 1 38.0 T
4370 1 39.0 T
4371 1 39.0 T
4373 1 40.0 T
4377 1 40.0 T
4492 2 33.0 T
4495 2 35.0 T
4497 2 37.5 T
4500 2 37.5 T
4502 2 27.5 T
4507 2 37.5 T
4509 2 33.0 T
4510 2 37.0 T
4511 2 37.0 T
4522 2 36.5 T
4525 2 38.0 T
4534 2 38.0 T
4539 2 37.0 T
4545 2 38.5 T
4548 2 36.5 T
4549 2 30.5 T
4550 2 38.0 T
4551 2 38.5 T
4552 2 35.0 T
4553 2 39.5 T
4557 8 35.6 T
4561 8 36.0 T
4567 8 37.0 T
4573 8 37.9 T
4579 8 38.0 T
4582 8 37.1 T
4586 8 37.4 T
4587 8 38.2 T
4588 8 37.9 T
4589 8 37.6 T
4591 6 32.0 T
4592 6 32.2 T
4597 6 34.5 T
4598 6 35.2 T
4600 6 34.7 T
4612 6 37.3 T
4619 6 30.5 T
4622 6 35.5 T
4623 8 36.1 T
4634 8 32.9 T
4639 8 34.9 T
4644 8 34.9 T
4646 8 34.6 T
4647 8 35.1 T
4648 8 31.9 T
4651 8 35.7 T
4668 5 35.6 T
4672 6 34.2 T
4675 6 34.3 T
4678 6 35.5 T
4679 6 32.2 T
4681 7 32.3 T
4684 7 37.0 T
4688 7 35.1 T
4690 7 32.4 T
4693 7 27.1 T
4695 7 29.4 T
4696 7 29.1 T
4703 7 37.0 T
4705 7 35.9 T
4708 8 33.4 T
4710 8 32.0 T
4719 8 35.1 T
4726 6 37.2 T
4733 6 33.7 T
4736 6 38.3 T
4742 6 36.3 T
4746 6 39.3 T
4749 6 32.8 T
4752 6 33.2 T
4755 5 37.0 T
4756 5 39.2 T
4759 5 37.6 T
4762 3 39.3 T
4765 3 39.0 T
4768 2 39.5 T
4772 8 35.7 T
4774 9 35.3 T
4780 12 37.5 T
4786 20 36.6 T
4792 25 37.6 T
4800 26 34.7 T
4801 25 34.6 T
4802 26 34.9 T
4806 27 36.9 T
4807 27 36.5 T
4809 27 38.0 T
4813 35 35.9 T
4822 56 36.8 T
4823 56 36.9 T
4838 71 35.7 T
4840 71 37.5 T
4843 70 36.4 C
4845 78 36.8 T
4852 99 35.0 T
4855 108 34.9 T
4856 108 35.7 T
4858 110 35.3 T
4859 114 35.0 T
4861 121 34.4 T
4866 126 35.8 T
4868 1 16.0 A
4876 128 36.2 T
4878 1 16.0 G
4879 1 16.0 C
4885 132 35.1 T
4886 1 27.0 C
4887 129 34.4 T
4891 130 34.3 T
4894 141 35.2 T
4896 138 34.6 T
4902 2 14.5 A
4903 142 33.6 T
4905 143 32.0 T
4907 145 34.0 T
4911 142 34.2 T
4915 141 36.0 T
4921 150 37.4 T
4927 151 31.5 T
4928 157 32.9 T
4930 162 31.5 T
4933 168 32.7 T
4937 182 34.3 T
4939 183 33.9 T
4941 188 34.4 T
4945 199 36.9 T
4947 199 36.9 T
4948 200 37.6 T
4950 205 37.2 T
4954 208 37.7 T
4957 212 37.7 T
4963 1 16.0 G
4967 254 37.3 T
4968 257 36.6 T
4973 277 37.3 T
4977 291 33.6 T
4978 291 34.7 T
4981 1 16.0 A
4985 1 16.0 A
4986 1 16.0 A
4993 358 36.5 T
4999 1 27.0 A
5002 420 35.7 T
5004 427 36.2 T
5005 436 37.6 T
5010 448 37.2 T
5013 506 35.8 T
5016 512 35.8 T
5020 526 35.9 T
5021 531 36.1 T
5023 1 16.0 C
5025 1 16.0 C
5028 1 31.0 A
5029 614 37.3 T
5034 666 36.7 T
5037 1 16.0 A
5038 674 37.2 T
5041 695 37.3 T
5047 711 36.9 T
5048 715 36.5 T
5050 726 36.6 T
5055 790 36.8 T
5058 2 23.0 A
5060 1 16.0 C
5063 864 37.3 T
5064 1 15.0 A
5065 1 39.0 A
5067 1 16.0 A
5068 917 36.6 T
5073 1 30.0 A
5074 1034 36.1 T
5075 1052 36.6 T
5077 1098 36.3 T
5078 1129 37.2 T
5079 3 40.0 A
5080 1 16.0 A
5081 1169 36.4 T
5082 1207 35.5 T
5083 1227 36.4 T
5087 1331 36.9 T
5089 1343 36.1 T
5090 1371 36.0 T
5091 1408 36.5 T
5093 1448 36.8 T
5094 1 15.0 A
5095 1489 36.1 T
5096 1521 36.3 T
5098 1609 35.9 T
5100 1 16.0 C
5101 1694 36.9 T
5103 1 15.0 A
5104 1 16.0 C
5105 1893 36.8 T
5107 1 27.0 C
5108 2034 36.8 T
5109 1 36.0 A
5111 1 15.0 C
5115 2248 35.3 T
5116 2277 35.6 T
5117 1 39.0 C
5118 1 16.0 C
5119 2333 36.3 T
5120 1 16.0 A
5121 1 16.0 C
5122 2410 36.9 T
5125 2480 35.8 T
5127 1 16.0 A
5130 2581 36.6 T
5131 2621 36.9 T
5132 1 16.0 A
5133 1 16.0 A
5134 1 16.0 A
5136 2710 36.6 T
5137 2 33.5 C
5138 12 32.1 C
5139 2 15.0 A
5140 2 27.0 G
5142 1 16.0 A
5143 2 15.5 C
5144 2 15.5 C
5145 2 15.0 A
5146 1 36.0 C
5150 2 13.5 C
5151 1 15.0 C
5152 3121 36.6 T
5154 1 39.0 C
5155 3155 37.1 T
5157 1 37.0 C
5158 3192 37.4 T
5160 3180 36.2 T
5162 3186 36.5 T
5164 4 34.2 G
5166 1 14.0 A
5169 3249 36.6 T
5170 4 13.7 G
5171 1 31.0 A
5173 2 16.0 A
5176 1 16.0 A
5177 1 15.0 G
5179 3335 35.3 T
5180 2 26.0 A
5182 2 27.5 C
5184 3361 37.1 T
5185 1 15.0 G
5188 3443 35.4 T
5189 2 14.5 A
5190 2 15.5 A
5192 1 16.0 A
5193 1 14.0 C
5194 3 15.7 C
5195 1 15.0 C
5196 3317 36.4 T
5197 3336 37.3 T
5198 1 16.0 A
5200 3272 35.5 T
5201 3229 36.3 T
5203 1 14.0 C
5204 1 36.0 A
5205 3195 36.6 T
5206 2 15.5 C
5207 1 15.0 C
5208 1 16.0 A
5210 1 16.0 C
5211 1 14.0 C
5212 3074 34.8 T
5213 1 27.0 C
5215 3105 35.3 T
5217 3117 34.7 T
5221 3238 37.5 T
5223 1 15.0 G
5224 3 16.0 G
5226 1 16.0 G
5227 1 16.0 G
5228 1 15.0 C
5230 3349 36.7 T
5231 3 14.0 G
5232 2 39.5 C
5233 2 26.5 C
5234 4 15.2 C
5235 2 15.5 C
5236 1 16.0 C
5239 3571 34.1 T
5241 2 27.5 A
5244 1 15.0 G
5245 2 15.0 G
5246 1 13.0 C
5247 3730 34.2 T
5248 3782 35.5 T
5249 3788 36.9 T
5250 3784 37.6 T
5251 3822 37.6 T
5252 5 14.0 G
5253 1 40.0 C
5255 1 16.0 C
5256 1 16.0 A
5257 4 18.7 A
5258 1 15.0 A
5259 3992 36.6 T
5260 4 21.0 G
5261 3 31.0 G
5262 1 16.0 G
5263 1 16.0 C
5264 2 15.5 C
5265 1 15.0 A
5266 4071 36.0 T
5267 4105 36.2 T
5269 4196 37.0 T
5271 1 16.0 G
5272 2 15.5 A
5273 1 16.0 A
5274 2 16.0 G
5275 4 16.0 A
5276 2 14.5 A
5277 4345 34.7 T
5278 4389 35.1 T
5279 1 16.0 C
5280 2 21.5 A
5281 2 39.0 C
5282 3 19.0 A
5283 2 16.0 A
5284 3 15.3 A
5285 3 15.7 A
5290 2 16.0 A
5291 4441 36.3 T
5294 11 30.4 C
5296 4487 33.9 T
5298 6 17.7 A
5299 4548 34.9 T
5300 2 27.5 C
5301 2 16.0 A
5302 4605 35.2 T
5304 9 32.7 C
5305 1 16.0 C
5306 5 20.4 C
5307 2 15.0 A
5308 2 23.0 C
5309 2 39.5 C
5310 2 15.0 A
5311 4640 36.0 T
5313 3 14.3 A
5314 4648 36.7 T
5316 1 14.0 G
5318 5 22.0 C
5319 1 16.0 A
5321 4 17.7 C
5323 4372 34.8 T
5324 4 38.2 C
5325 5 14.6 A
5326 4 15.7 C
5327 4 21.5 C
5329 4200 35.0 T
5332 4145 36.3 T
5333 4140 37.0 T
5336 1 31.0 C
5337 1 39.0 C
5338 3836 35.0 T
5339 1 16.0 C
5340 3788 35.6 T
5343 3689 36.6 T
5344 3651 36.8 T
5346 3553 36.9 T
5348 10 39.4 C
5350 3435 37.7 T
5353 1 38.0 G
5354 1 16.0 C
5355 1 16.0 C
5356 3206 36.4 T
5359 3118 36.0 T
5361 3056 35.8 T
5363 1 15.0 C
5364 2955 36.1 T
5365 1 14.0 C
5366 1 14.0 C
5367 2 28.0 A
5370 2608 36.4 T
5371 1 16.0 C
5372 4 16.0 A
5374 2437 36.6 T
5376 1 15.0 A
5380 2190 36.7 T
5383 2084 36.1 T
5384 1 16.0 C
5385 2 25.5 C
5388 1 15.0 A
5389 1907 37.2 T
5391 1839 35.5 T
5393 1761 35.1 T
5395 1 16.0 A
5401 1399 36.6 T
5407 1221 36.8 T
5410 2 16.0 A
5411 1 13.0 A
5412 1082 36.9 T
5415 1 16.0 C
5418 948 35.6 T
5419 923 36.0 T
5420 901 36.2 T
5426 790 36.2 T
5431 1 16.0 A
5442 513 33.5 T
5443 497 34.5 T
5446 438 33.2 T
5453 1 15.0 A
5455 323 33.3 T
5458 297 35.4 T
5464 246 33.8 T
5465 237 36.1 T
5473 176 32.0 T
5476 155 31.8 T
5479 148 33.2 T
5480 1 15.0 A
5483 132 33.4 T
5485 125 32.7 T
5487 114 33.1 T
5492 100 36.2 T
5493 98 36.9 T
5494 93 36.6 T
5495 89 37.1 T
5497 81 34.9 T
5500 63 35.2 T
5503 55 35.4 T
5506 49 35.2 T
5508 46 32.3 T
5509 44 34.8 T
5511 27 35.7 T
5517 1 36.0 T
5518 1 39.0 T
5519 1 15.0 T
5523 1 27.0 T
5524 1 35.0 T
5528 1 36.0 T
5580 22 37.4 T
5587 41 34.4 T
5594 41 37.2 T
5607 56 36.0 T
5609 56 37.7 T
5613 56 37.1 T
5618 56 37.0 T
5622 1 40.0 C
5628 56 35.2 T
5636 58 36.4 T
5637 58 36.0 T
5638 58 36.7 T
5641 58 34.9 T
5642 58 35.7 T
5647 54 33.2 T
5654 19 38.6 T
5655 19 37.4 T
5658 19 38.2 T
5666 19 38.2 T
5672 4 37.7 T
5673 4 39.2 T
5688 10 38.1 T
5689 11 37.2 T
5692 11 38.0 T
5693 11 35.6 T
5700 11 38.4 T
5709 11 39.0 T
5712 12 37.9 T
5717 12 38.8 T
5721 13 35.7 T
5722 13 35.9 T
5726 13 35.4 T
5728 13 38.8 T
5731 11 37.6 T
5732 11 35.9 T
5734 11 36.5 T
5755 1 39.0 C
5774 13 37.2 T
5775 13 37.9 T
5776 13 38.0 T
5782 10 38.2 T
5785 7 35.9 T
5786 7 37.3 T
5788 6 39.2 T
5789 6 39.3 T
5794 6 34.3 T
5795 6 37.2 T
5796 6 39.3 T
5801 6 39.5 T
5802 6 38.0 T
5806 6 39.3 T
5808 5 39.0 T
5814 5 39.0 T
5819 5 37.0 T
5826 6 36.2 T
5829 6 38.7 T
5841 4 38.2 T
5848 4 38.5 T
5850 4 38.2 T
5852 4 34.7 T
5853 4 36.7 T
5854 4 39.0 T
5858 4 37.2 T
5859 4 39.0 T
5860 4 39.2 T
5865 2 39.0 T
5870 2 38.0 T
5873 2 36.5 T
5874 2 37.5 T
5878 2 36.5 T
5885 2 37.5 T
5886 2 38.5 T
5887 2 39.5 T
5888 2 39.5 T
5892 2 39.0 T
5902 4 32.2 T
5905 4 35.7 T
5907 4 38.0 T
5908 4 32.7 T
5918 6 28.7 T
5919 6 32.7 T
5920 2 16.0 G
5923 6 36.0 T
5925 6 36.3 T
5926 6 34.8 T
5928 6 33.5 T
5930 6 35.2 T
5947 6 36.8 T
5948 6 37.7 T
5956 8 34.9 T
5958 8 35.5 T
5962 10 35.9 T
5964 11 34.2 T
5965 11 31.4 T
5967 12 36.0 T
5968 12 36.2 T
5976 11 38.5 T
5981 14 37.6 T
5986 14 38.5 T
5989 14 35.8 T
5999 14 37.1 T
6001 14 38.8 T
6007 14 35.6 T
6010 12 36.7 T
6011 12 39.0 T
6013 15 37.7 T
6014 15 38.1 T
6025 20 37.6 T
6043 32 34.3 T
6044 32 36.5 T
6046 32 33.8 T
6050 30 38.2 T
6060 1 16.0 A
6061 36 34.9 T
6063 40 34.4 T
6070 44 37.0 T
6071 44 37.2 T
6073 46 36.7 T
6076 44 37.5 T
6086 46 36.8 T
6090 47 36.9 T
6091 47 36.0 T
6092 47 36.5 T
6093 1 16.0 G
6094 48 36.7 T
6097 78 37.3 T
6098 1 15.0 A
6100 78 36.5 T
6102 78 35.9 T
6103 78 37.1 T
6105 78 35.8 T
6106 80 37.2 T
6109 82 37.0 T
6112 87 38.0 T
6115 90 37.5 T
6121 98 37.3 T
6124 100 37.8 T
6127 101 37.6 T
6135 109 37.3 T
6136 109 38.0 T
6137 109 37.4 T
6140 1 40.0 C
6144 110 38.0 T
6148 112 38.3 T
6151 117 37.7 T
6152 115 37.7 T
6157 118 36.6 T
6160 121 36.6 T
6163 101 36.3 T
6165 1 13.0 G
6167 102 36.8 T
6176 110 37.0 T
6178 113 37.0 T
6183 120 35.6 T
6184 121 35.6 T
6185 125 35.8 T
6186 1 39.0 C
6193 166 36.2 T
6202 187 37.7 T
6207 199 36.0 T
6208 201 37.4 T
6210 196 37.3 T
6213 1 16.0 C
6214 195 36.2 T
6216 201 36.2 T
6217 201 37.1 T
6221 201 36.7 T
6225 212 36.9 T
6227 210 36.7 T
6229 216 35.7 T
6231 1 27.0 C
6232 231 37.1 T
6235 233 36.5 T
6238 235 37.3 T
6241 248 37.4 T
6246 268 36.7 T
6248 265 37.4 T
6251 273 37.3 T
6253 277 37.8 T
6256 277 37.9 T
6259 1 16.0 A
6278 290 37.3 T
6279 297 37.4 T
6281 1 15.0 A
6286 330 36.9 T
6288 345 35.5 T
6291 1 36.0 C
6293 343 36.1 T
6294 1 16.0 C
6297 348 36.9 T
6298 351 37.6 T
6309 356 37.7 T
6312 369 35.9 T
6320 405 37.0 T
6327 421 36.1 T
6331 445 37.8 T
6336 1 27.0 C
6337 516 36.0 T
6343 522 36.0 T
6345 524 35.5 T
6346 510 35.7 T
6348 528 34.9 T
6351 545 36.8 T
6352 547 37.4 T
6358 591 37.0 T
6361 2 38.5 C
6365 629 36.7 T
6367 639 36.0 T
6369 641 35.5 T
6372 649 36.4 T
6374 652 36.4 T
6376 665 36.1 T
6378 670 37.2 T
6379 672 37.9 T
6382 1 40.0 G
6388 645 36.6 T
6392 661 36.2 T
6393 667 35.9 T
6394 670 36.1 T
6396 1 16.0 A
6397 666 36.2 T
6398 1 13.0 C
6401 1 16.0 A
6406 689 36.6 T
6407 697 36.7 T
6409 705 36.2 T
6411 2 15.0 A
6412 2 16.0 A
6413 720 36.3 T
6415 723 36.6 T
6417 1 15.0 A
6418 1 16.0 A
6419 1 16.0 A
6423 1 16.0 C
6424 1 16.0 C
6425 730 36.3 T
6427 2 33.0 C
6430 727 36.6 T
6432 1 16.0 A
6435 1 15.0 C
6438 717 36.4 T
6444 1 16.0 A
6451 731 34.5 T
6452 1 16.0 C
6453 727 35.8 T
6454 725 37.0 T
6457 746 37.5 T
6459 745 36.8 T
6462 738 35.9 T
6464 1 16.0 C
6465 1 16.0 G
6466 735 36.2 T
6469 731 36.5 T
6472 732 36.6 T
6475 1 16.0 C
6481 715 35.9 T
6484 717 36.5 T
6487 727 36.5 T
6488 720 36.7 T
6490 695 36.5 T
6493 691 37.4 T
6495 702 36.5 T
6497 697 36.2 T
6499 701 36.2 T
6500 1 16.0 C
6505 668 37.5 T
6508 656 37.4 T
6512 637 36.7 T
6515 622 36.5 T
6520 596 36.1 T
6523 1 40.0 C
6524 579 35.8 T
6525 1 16.0 A
6526 569 36.2 T
6529 550 37.1 T
6532 534 37.4 T
6547 483 34.9 T
6548 2 28.0 C
6558 392 36.0 T
6559 387 36.0 T
6561 389 35.4 T
6562 389 36.5 T
6565 1 39.0 A
6566 1 37.0 C
6572 3 36.0 C
6575 1 13.0 A
6576 1 14.0 G
6583 1 34.0 A
6588 1 13.0 A
6589 352 35.2 T
6590 352 35.6 T
6592 348 35.1 T
6594 343 35.8 T
6604 308 36.8 T
6606 301 36.1 T
6607 298 37.1 T
6609 298 37.8 T
6612 284 36.2 T
6613 281 36.5 T
6614 284 36.1 T
6615 285 35.9 T
6616 279 36.8 T
6620 297 36.6 T
6626 293 36.4 T
6631 282 35.6 T
6632 287 35.4 T
6633 288 36.5 T
6635 280 36.9 T
6637 281 36.6 T
6638 277 36.9 T
6640 267 36.4 T
6641 266 37.0 T
6643 260 36.6 T
6646 258 36.8 T
6654 253 34.7 T
6655 253 36.6 T
6661 248 36.6 T
6664 241 35.9 T
6666 235 35.6 T
6670 1 16.0 A
6671 221 36.5 T
6673 221 36.7 T
6674 219 36.3 T
6676 218 37.3 T
6680 208 36.5 T
6681 206 37.2 T
6684 203 37.4 T
6687 189 36.5 T
6689 1 27.0 C
6691 1 15.0 G
6696 1 16.0 A
6705 157 36.7 T
6706 160 36.4 T
6707 152 37.7 T
6708 12 39.5 G
6711 149 36.9 T
6715 146 36.8 T
6719 133 37.1 T
6721 133 37.3 T
6724 132 37.6 T
6726 127 37.8 T
6731 134 36.7 T
6733 133 37.6 T
6736 132 37.1 T
6738 131 37.9 T
6742 123 37.3 T
6743 121 38.1 T
6747 116 36.9 T
6748 118 37.4 T
6751 125 37.2 T
6754 1 14.0 G
6756 112 37.0 T
6757 109 37.3 T
6758 109 37.8 T
6760 106 36.7 T
6763 102 37.7 T
6764 1 13.0 G
6765 100 37.9 T
6766 1 14.0 G
6776 93 35.6 T
6778 86 35.9 T
6780 86 35.9 T
6781 82 35.3 T
6782 83 35.6 T
6787 85 37.2 T
6793 83 36.5 T
6799 86 37.5 T
6801 1 15.0 G
6813 88 37.3 T
6815 94 36.7 T
6816 94 37.0 T
6817 100 37.2 T
6822 97 36.4 T
6827 90 35.6 T
6832 89 37.6 T
6835 92 36.4 T
6838 98 37.2 T
6842 126 34.9 T
6844 134 35.4 T
6850 1 15.0 C
6856 186 35.4 T
6862 210 36.8 T
6864 208 36.9 T
6865 215 37.1 T
6866 219 37.2 T
6870 237 36.9 T
6874 249 37.0 T
6883 278 35.8 T
6893 2 38.5 C
6896 331 36.5 T
6897 1 14.0 A
6898 344 37.0 T
6903 349 36.9 T
6906 353 36.3 T
6908 356 36.8 T
6909 1 16.0 G
6911 377 36.5 T
6915 1 36.0 G
6916 411 37.4 T
6917 2 16.0 G
6919 424 36.5 T
6921 451 37.5 T
6928 488 36.6 T
6933 518 33.6 T
6934 527 35.0 T
6937 544 37.1 T
6939 538 37.1 T
6940 529 37.1 T
6941 529 37.9 T
6943 526 37.6 T
6944 522 37.6 T
6945 512 37.4 T
6946 508 37.4 T
6949 2 33.0 C
6950 1 30.0 C
6952 514 38.1 T
6954 1 16.0 G
6956 489 37.2 T
6958 1 39.0 G
6959 1 38.0 C
6961 485 37.0 T
6965 474 37.2 T
6970 457 36.1 T
6971 456 36.8 T
6973 458 37.5 T
6975 436 37.1 T
6976 440 37.6 T
6984 438 35.7 T
6985 1 16.0 C
6987 440 36.2 T
6991 440 37.2 T
6996 1 13.0 A
6997 447 37.3 T
7000 463 37.9 T
7003 467 37.1 T
7009 2 27.0 A
7010 2 21.0 C
7012 1 40.0 C
7014 443 37.8 T
7016 1 15.0 C
7017 424 37.7 T
7021 391 38.1 T
7022 389 37.8 T
7024 374 37.8 T
7028 314 35.3 C
7032 340 36.6 T
7033 357 35.9 T
7038 344 36.7 T
7040 375 36.7 T
7042 384 37.7 T
7045 398 36.8 T
7047 396 36.3 T
7051 482 36.5 T
7057 1 14.0 C
7058 651 36.3 T
7060 718 37.2 T
7062 756 36.5 T
7063 771 37.0 T
7064 795 36.9 T
7065 1 13.0 G
7067 1 39.0 C
7069 929 36.6 T
7070 1 35.0 C
7071 1 16.0 A
7072 1039 37.1 T
7076 1 15.0 A
7078 1 16.0 G
7079 2 29.0 C
7080 1348 35.3 T
7081 1387 36.4 T
7083 2 21.5 A
7084 1500 36.2 T
7085 1542 36.6 T
7086 1 34.0 C
7087 2 27.5 A
7089 1682 37.4 T
7092 1790 36.2 T
7093 1823 36.1 T
7094 1855 36.2 T
7099 2038 36.5 T
7100 1 16.0 A
7101 2143 37.0 T
7102 2181 37.2 T
7103 2 39.5 C
7104 2320 36.8 T
7106 2 16.0 A
7109 9 38.3 C
7110 2696 35.7 T
7111 1 37.0 A
7113 1 16.0 A
7114 1 40.0 C
7117 3107 36.9 T
7118 1 16.0 A
7119 2 16.0 G
7120 1 16.0 A
7122 1 16.0 C
7123 1 15.0 A
7125 1 40.0 A
7126 1 40.0 C
7128 3739 37.3 T
7130 1 15.0 C
7131 1 16.0 G
7132 1 16.0 C
7133 2 15.0 C
7134 1 14.0 A
7135 2 21.0 A
7137 1 38.0 A
7138 4368 36.7 T
7140 1 34.0 C
7142 4745 37.0 T
7143 4806 36.5 T
7144 4868 36.6 T
7147 2 21.5 C
7148 5136 36.4 T
7150 5249 36.6 T
7152 2 16.0 A
7153 5474 37.3 T
7155 5628 36.6 T
7156 5693 36.8 T
7157 1 16.0 C
7158 2 16.0 A
7159 5918 36.6 T
7160 13 38.7 C
7161 1 16.0 G
7163 4 27.0 C
7165 6540 35.8 T
7167 2 15.0 A
7168 1 16.0 A
7169 6764 35.9 T
7170 1 16.0 C
7171 6972 36.4 T
7172 1 16.0 A
7173 2 16.0 A
7174 8 36.0 C
7175 7302 37.5 T
7176 7387 37.4 T
7177 7463 37.5 T
7178 1 16.0 C
7179 7622 36.8 T
7180 7686 36.9 T
7181 1 40.0 C
7182 1 16.0 C
7183 4 18.5 C
7185 3 22.7 C
7186 3 30.7 A
7187 3 16.0 A
7189 4 15.0 A
7190 1 16.0 C
7191 8434 37.2 T
7192 8524 37.5 T
7193 8612 38.0 T
7195 8776 36.3 T
7196 3 16.0 C
7197 1 16.0 G
7198 2 16.0 G
7199 3 39.0 C
7200 2 16.0 C
7201 8939 37.1 T
7202 8 17.0 A
7203 9500 37.4 T
7204 1 30.0 C
7205 3 22.7 C
7206 1 16.0 G
7207 2 15.5 G
7208 2 20.5 A
7209 3 14.7 A
7210 10371 36.8 T
7211 10 15.9 G
7212 11 34.5 C
7213 5 32.2 C
7214 6 18.7 C
7215 6 22.8 C
7216 1 16.0 G
7217 3 15.0 A
7218 6 29.8 C
7219 2 20.5 G
7220 11117 36.8 T
7221 11204 37.4 T
7222 3 39.7 A
7223 3 28.7 C
7224 11389 36.6 T
7225 4 24.2 C
7226 1 31.0 G
7227 4 15.2 G
7228 4 18.7 A
7230 11749 36.2 T
7231 2 14.5 A
7233 4 26.2 C
7234 5 18.8 C
7235 6 28.5 C
7236 2 27.5 G
7237 4 21.5 A
7238 12140 35.9 T
7239 10 13.8 G
7240 16 35.4 C
7241 8 18.6 A
7242 12365 36.1 T
7243 1 13.0 A
7244 1 38.0 C
7245 6 16.7 A
7246 5 23.2 C
7247 2 15.5 C
7248 11 27.7 A
7249 5 29.2 C
7250 5 19.8 A
7251 12353 37.2 T
7252 7 16.4 G
7253 2 16.0 A
7254 5 17.8 A
7255 5 15.2 A
7256 2 26.0 C
7257 1 27.0 A
7258 12322 36.4 T
7259 3 22.0 C
7260 3 15.7 C
7261 12254 36.6 T
7262 6 18.7 A
7263 12216 36.0 T
7264 2 27.5 C
7265 3 22.7 A
7266 12279 36.9 T
7267 1 13.0 C
7268 12261 36.7 T
7269 6 15.7 G
7270 12205 37.8 T
7271 5 20.2 A
7272 5 15.6 G
7273 5 30.0 G
7274 2 26.0 C
7275 11990 34.9 T
7276 1 35.0 C
7277 3 27.7 A
7278 11893 36.4 T
7279 11895 37.0 T
7280 1 40.0 C
7281 14 32.9 A
7282 11841 37.1 T
7283 11830 37.1 T
7284 11784 37.1 T
7285 1 16.0 C
7286 11692 35.9 T
7287 1 15.0 C
7288 11733 36.7 T
7289 4 20.7 A
7290 3 14.7 A
7291 1 39.0 C
7292 12 16.2 A
7293 1 15.0 G
7294 1 34.0 C
7295 9 16.7 A
7297 11344 36.6 T
7298 3 14.0 A
7299 4 22.0 A
7300 10996 36.6 T
7301 4 32.5 A
7302 10932 36.6 T
7303 10820 37.1 T
7304 3 22.3 A
7305 1 16.0 A
7306 10440 37.4 T
7307 1 39.0 A
7308 4 16.0 A
7309 10398 37.2 T
7310 10379 36.6 T
7311 10299 36.5 T
7312 10269 36.8 T
7313 1 36.0 C
7314 5 20.2 A
7315 10106 37.2 T
7316 5 18.8 G
7317 2 16.0 A
7318 9851 35.5 T
7319 9816 36.4 T
7320 9744 37.1 T
7321 21 18.2 G
7323 7 20.9 G
7324 5 15.2 A
7325 1 16.0 A
7326 4 16.0 G
7327 5 34.0 C
7328 2 27.5 C
7329 8965 37.3 T
7330 8905 37.6 T
7331 1 39.0 C
7332 4 15.2 G
7333 1 15.0 C
7334 8498 35.3 T
7335 8410 36.5 T
7336 2 23.5 C
7337 4 15.7 G
7338 1 15.0 A
7339 4 15.5 A
7340 1 16.0 G
7341 3 16.0 C
7342 2 16.0 G
7343 2 21.0 A
7344 3 15.0 A
7345 2 13.5 A
7346 2 21.0 A
7347 2 26.0 G
7348 7295 37.0 T
7349 2 39.5 C
7351 7030 37.1 T
7353 1 36.0 A
7354 6865 37.1 T
7355 4 32.7 A
7356 2 27.5 G
7357 6603 37.7 T
7358 1 27.0 A
7359 1 16.0 G
7360 2 16.0 A
7361 2 16.0 A
7362 1 40.0 G
7363 2 15.0 A
7364 3 16.0 A
7365 2 39.5 C
7366 4 15.5 C
7367 1 14.0 C
7368 5452 36.3 T
7370 1 15.0 C
7371 3 23.0 A
7372 5203 37.0 T
7375 2 27.5 A
7376 1 14.0 C
7378 4706 37.3 T
7379 2 13.5 G
7380 3 26.3 G
7381 2 16.0 A
7383 4317 36.2 T
7384 3 13.3 G
7386 1 13.0 C
7387 3866 36.4 T
7389 3697 37.4 T
7391 3485 37.4 T
7393 2 15.5 G
7395 3062 36.6 T
7396 2 14.0 G
7397 8 34.0 C
7398 1 27.0 C
7399 5 16.2 C
7400 1 15.0 C
7401 1 39.0 C
7402 2 13.0 C
7403 1 13.0 A
7404 1 40.0 C
7406 2 16.0 C
7407 2156 35.0 T
7408 2 13.5 A
7410 1 39.0 C
7411 2 27.0 A
7414 1 40.0 C
7415 1 15.0 A
7416 1536 35.4 T
7417 1468 36.7 T
7418 2 15.5 C
7420 2 26.5 A
7421 3 16.0 A
7423 3 18.3 A
7426 1 40.0 C
7427 2 15.0 C
7429 993 34.5 T
7431 947 33.5 T
7435 747 32.9 T
7440 624 33.4 T
7442 553 33.7 T
7443 1 15.0 A
7444 1 15.0 G
7445 2 25.5 A
7458 1 16.0 G
7461 288 35.0 T
7462 2 38.0 C
7477 122 35.4 T
7480 105 33.8 T
7481 103 35.0 T
7482 103 35.6 T
7496 55 36.0 T
7501 39 32.1 T
7505 30 36.4 T
7509 26 34.6 T
7510 25 36.6 T
7511 22 33.9 T
7512 22 34.4 T
7513 19 35.2 T
7587 138 36.3 T
7594 139 37.4 T
7605 139 37.2 T
7609 139 36.1 T
7611 139 36.4 T
7621 138 35.6 T
7624 139 35.3 T
7625 139 35.3 T
7630 139 36.0 T
7632 138 35.9 T
7635 139 36.8 T
7644 140 33.7 T
7645 141 35.1 T
7647 141 33.3 T
7652 139 35.5 T
7653 139 36.5 T
7654 12 35.5 T
7657 9 34.2 T
7660 9 30.4 T
7668 9 34.9 T
7671 9 34.1 T
7674 10 30.2 T
7677 5 36.2 T
7678 4 37.0 T
7679 4 36.5 T
7680 4 39.2 T
7683 4 37.7 T
7684 4 39.0 T
7686 4 33.2 T
7688 4 38.7 T
7691 4 38.7 T
7692 4 37.2 T
7695 4 39.2 T
7698 5 39.4 T
7701 5 38.8 T
7703 5 39.0 T
7705 5 39.0 T
7710 8 35.6 T
7711 8 35.6 T
7712 8 34.1 T
7713 8 36.0 T
7716 10 35.9 T
7722 27 35.9 T
7734 47 35.3 T
7736 1 16.0 A
7738 49 36.0 T
7741 51 36.2 T
7744 52 35.7 T
7749 52 37.4 T
7751 53 37.3 T
7759 73 34.6 T
7764 1 16.0 A
7767 85 36.2 T
7776 109 36.5 T
7778 124 36.0 T
7783 144 37.2 T
7785 144 36.4 T
7788 148 37.2 T
7797 161 36.2 T
7800 175 36.1 T
7803 188 37.2 T
7806 194 36.8 T
7809 208 36.1 T
7812 238 36.6 T
7815 1 16.0 C
7818 296 34.7 T
7821 1 35.0 C
7823 310 36.1 T
7827 346 36.2 T
7833 430 35.1 T
7836 447 36.6 T
7837 449 36.1 T
7838 458 36.6 T
7842 505 37.1 T
7847 1 36.0 G
7849 1 39.0 C
7853 1 15.0 G
7854 827 35.7 T
7858 1 40.0 C
7860 1 16.0 A
7861 1009 35.1 T
7862 1 31.0 C
7865 1069 35.1 T
7869 1127 36.6 T
7870 1142 37.1 T
7873 1 16.0 C
7875 1252 35.9 T
7876 1 16.0 C
7878 1 16.0 A
7880 1362 36.0 T
7884 1507 36.5 T
7885 1538 36.4 T
7886 4 15.5 G
7888 4 36.2 C
7891 1 16.0 C
7894 1 16.0 A
7895 1801 37.2 T
7896 1 34.0 G
7898 1966 37.2 T
7901 2102 36.9 T
7904 1 16.0 A
7907 2384 36.5 T
7909 2 15.5 C
7913 2681 36.0 T
7915 1 39.0 C
7917 8 32.0 C
7918 6 35.0 C
7922 3192 36.3 T
7925 1 31.0 G
7926 2 21.5 G
7927 2 16.0 C
7928 1 39.0 G
7930 1 14.0 A
7931 1 14.0 C
7932 3923 36.1 T
7933 1 16.0 A
7934 3 16.0 A
7935 4122 36.2 T
7937 4256 35.2 T
7938 4312 36.2 T
7940 1 16.0 A
7941 2 16.0 A
7942 2 27.5 C
7943 4569 35.2 T
7946 4725 36.0 T
7948 1 16.0 C
7950 5012 36.4 T
7951 1 16.0 A
7953 5206 35.5 T
7954 5255 35.6 T
7955 3 23.3 C
7956 3 15.7 C
7957 4 15.7 C
7959 5 30.0 C
7960 3 21.0 A
7961 5634 36.1 T
7962 5723 36.3 T
7963 2 14.5 A
7964 5867 35.9 T
7965 5975 36.1 T
7967 2 16.0 C
7968 6268 36.1 T
7969 3 23.7 A
7970 5 17.0 G
7972 5 15.4 A
7973 1 16.0 C
7975 1 38.0 A
7976 2 27.5 G
7977 4 15.5 G
7978 7 38.6 C
7979 4 15.5 G
7980 3 14.3 A
7981 1 27.0 C
7982 1 35.0 C
7983 7711 36.0 T
7984 5 14.4 G
7985 12 34.3 C
7986 3 20.3 G
7987 6 16.7 A
7988 2 27.5 C
7989 8284 34.7 T
7990 2 15.0 C
7991 3 30.3 C
7992 8491 36.8 T
7993 8556 36.8 T
7994 6 14.8 G
7995 1 16.0 A
7996 4 33.5 C
7997 2 15.5 G
7998 8830 37.0 T
7999 8827 36.7 T
8000 23 16.3 G
8001 4 29.0 A
8002 7 35.0 C
8003 1 16.0 A
8004 1 14.0 A
8005 9026 36.6 T
8007 1 16.0 G
8008 1 16.0 A
8009 1 27.0 G
8010 9198 36.2 T
8011 1 16.0 A
8012 2 15.5 G
8013 9394 37.5 T
8014 1 40.0 A
8015 3 27.7 C
8016 9464 36.0 T
8017 3 23.7 C
8018 4 14.2 C
8019 3 15.3 C
8020 2 14.5 G
8022 9678 35.7 T
8023 9731 36.6 T
8024 17 14.4 G
8025 5 27.6 A
8026 9 25.9 A
8027 4 15.5 G
8028 10 32.8 C
8029 3 20.3 C
8030 10 15.1 C
8031 5 27.4 C
8032 7 22.0 C
8033 5 16.8 A
8034 9859 35.7 T
8035 9860 36.0 T
8036 2 27.5 C
8037 1 15.0 G
8038 9998 36.1 T
8039 4 22.2 A
8040 10099 35.5 T
8043 10184 36.6 T
8044 1 15.0 A
8045 6 19.5 A
8046 10225 36.1 T
8047 10214 36.6 T
8048 1 39.0 A
8049 2 37.5 C
8050 2 13.5 A
8051 10140 36.1 T
8053 2 15.5 A
8054 4 16.0 C
8055 4 15.2 A
8056 4 15.5 A
8057 4 15.0 G
8058 3 18.7 A
8059 11 32.4 C
8061 10305 36.7 T
8062 17 29.1 C
8063 10297 36.7 T
8064 10268 36.8 T
8065 19 15.7 G
8066 6 38.5 C
8067 1 15.0 A
8068 2 14.0 C
8069 9926 35.5 T
8070 1 15.0 C
8071 2 27.0 A
8072 9843 36.8 T
8073 23 14.8 G
8074 3 15.0 A
8075 1 13.0 G
8076 6 33.5 C
8077 9370 36.7 T
8078 8 14.2 G
8079 9294 36.6 T
8080 3 29.7 C
8081 6 25.7 C
8082 7 15.3 C
8083 4 24.0 C
8084 5 24.2 A
8085 3 21.7 C
8086 5 15.0 A
8087 8830 36.7 T
8088 8801 37.3 T
8089 1 13.0 A
8090 1 13.0 G
8091 5 26.8 G
8092 1 31.0 C
8093 8516 33.8 T
8094 8516 35.2 T
8095 2 27.0 A
8096 4 20.5 A
8097 3 16.0 A
8098 5 15.8 A
8099 6 19.7 A
8100 2 27.0 C
8102 1 16.0 G
8104 8049 36.4 T
8105 6 17.8 G
8106 8 35.4 C
8107 3 16.0 A
8108 4 18.2 A
8109 7723 35.6 T
8110 7695 36.6 T
8112 8 17.5 C
8113 6 23.8 C
8114 2 15.5 G
8115 1 15.0 G
8116 2 14.0 A
8118 1 13.0 G
8119 7106 34.4 T
8120 17 30.9 C
8121 6932 34.4 T
8123 5 15.8 A
8124 1 16.0 A
8126 1 40.0 C
8127 3 14.7 A
8128 4 17.7 A
8129 1 15.0 A
8130 1 16.0 C
8131 1 15.0 C
8133 2 14.5 C
8134 5960 35.7 T
8135 5851 35.4 T
8136 5760 36.1 T
8138 1 13.0 A
8139 1 40.0 C
8140 1 27.0 C
8143 5168 33.8 T
8144 3 13.3 A
8147 2 39.5 C
8150 1 36.0 C
8151 3 21.3 C
8152 1 14.0 G
8153 1 15.0 G
8154 5 18.8 G
8155 1 27.0 G
8156 1 13.0 G
8157 4306 35.0 T
8159 4027 35.3 T
8160 3 14.0 A
8162 3747 35.5 T
8163 1 13.0 A
8164 3 37.3 C
8165 1 40.0 G
8166 1 16.0 G
8167 3459 35.7 T
8171 3230 36.0 T
8172 7 15.1 G
8173 1 16.0 C
8174 3078 35.2 T
8175 1 15.0 C
8176 2942 36.9 T
8177 23 15.4 G
8178 1 16.0 A
8179 1 15.0 A
8180 3 15.3 A
8181 2702 35.4 T
8183 2615 36.2 T
8184 3 14.0 G
8185 2492 36.6 T
8186 22 15.0 G
8187 1 15.0 G
8189 1 16.0 G
8190 1 40.0 C
8192 3 23.0 A
8193 3 17.7 A
8197 3 37.0 C
8198 1 15.0 A
8199 5 20.4 G
8200 1847 34.4 T
8201 1823 35.1 T
8202 1795 35.5 T
8203 1 38.0 C
8205 1630 36.6 T
8206 1 16.0 G
8207 2 26.5 C
8208 1 34.0 C
8210 2 16.0 A
8211 1342 33.9 T
8214 1202 35.0 T
8217 1101 35.6 T
8222 946 34.6 T
8223 920 36.0 T
8224 1 16.0 A
8226 841 35.8 T
8227 823 36.5 T
8232 741 35.4 T
8238 611 35.4 T
8240 562 34.7 T
8241 541 36.2 T
8242 517 36.5 T
8243 1 15.0 G
8247 390 36.9 T
8251 1 24.0 G
8256 266 35.5 T
8258 250 35.4 T
8259 242 35.8 T
8260 230 36.5 T
8265 191 36.0 T
8267 164 36.3 T
8277 90 34.3 T
8279 83 34.9 T
8286 56 31.9 T
8288 51 32.3 T
8367 1 38.0 T
8376 1 34.0 T
8380 1 30.0 T
8383 1 37.0 T
8388 1 35.0 T
8390 1 37.0 T
8400 1 38.0 T
8403 1 27.0 T
8404 1 35.0 T
8412 1 35.0 T
8415 1 16.0 T
8418 1 16.0 T
8419 1 16.0 T
8424 1 39.0 T
8426 1 34.0 T
8427 1 16.0 T
8430 1 36.0 T
8490 1 27.0 T
8496 2 27.0 T
8503 3 36.7 T
8504 3 29.7 T
8506 5 37.0 T
8516 5 33.8 T
8528 5 34.2 T
8538 7 35.3 T
8540 6 36.5 T
8542 7 38.3 T
8543 7 34.4 T
8547 7 35.9 T
8548 7 39.0 T
8551 7 35.9 T
8552 6 36.0 T
8555 7 36.7 T
8556 7 37.7 T
8567 7 33.1 T
8570 10 36.3 T
8576 9 35.3 T
8588 13 36.8 T
8591 13 36.8 T
8594 11 36.5 T
8597 13 35.3 T
8598 13 34.1 T
8600 13 38.5 T
8602 15 37.5 T
8603 16 35.7 T
8604 16 33.6 T
8610 14 34.1 T
8612 14 34.8 T
8614 15 36.7 T
8615 19 34.9 T
8618 19 32.7 T
8626 27 34.7 T
8632 36 34.2 T
8634 37 34.6 T
8636 41 34.5 T
8639 45 35.3 T
8651 54 37.0 T
8654 56 33.7 T
8668 74 36.8 T
8672 83 35.2 T
8675 86 34.1 T
8681 93 35.4 T
8682 1 16.0 A
8684 1 16.0 C
8686 87 36.1 T
8696 144 37.3 T
8699 149 36.1 T
8705 174 35.2 T
8715 208 36.3 T
8724 1 15.0 A
8728 240 37.1 T
8731 242 34.1 T
8732 1 16.0 C
8733 241 34.3 T
8735 229 35.4 T
8736 230 37.0 T
8738 235 36.0 T
8741 259 36.1 T
8744 257 36.4 T
8746 264 35.1 T
8749 271 35.1 T
8750 269 36.7 T
8753 272 36.1 T
8756 251 37.2 T
8757 250 36.9 T
8758 262 36.5 T
8759 265 36.6 T
8760 262 37.4 T
8762 276 36.9 T
8763 257 37.0 T
8772 230 36.8 T
8777 229 35.4 T
8780 219 36.1 T
8784 1 16.0 A
8786 212 35.1 T
8789 209 36.9 T
8793 187 35.4 T
8796 1 34.0 C
8797 181 36.2 T
8800 175 36.6 T
8801 175 36.6 T
8802 176 37.1 T
8817 1 16.0 A
8819 126 36.2 T
8821 121 34.7 T
8823 114 33.9 T
8825 114 35.8 T
8828 2 27.5 A
8829 1 16.0 C
8831 101 37.0 T
8837 90 35.0 T
8838 1 15.0 G
8839 1 16.0 G
8842 1 14.0 A
8843 59 34.2 T
8848 47 35.5 T
8849 47 35.8 T
8851 45 34.7 T
8864 254 34.7 T
8867 399 35.6 T
8868 453 36.0 T
8870 559 36.6 T
8871 1 16.0 A
8872 4 30.5 G
8875 769 35.4 T
8876 795 36.1 T
8877 839 36.9 T
8879 1 16.0 G
8880 1 16.0 C
8881 1082 34.9 T
8883 1200 36.2 T
8885 1 16.0 A
8886 1 16.0 G
8887 1 16.0 A
8888 1366 36.2 T
8889 1404 36.9 T
8894 1 16.0 A
8895 1613 37.6 T
8897 5 39.4 C
8899 1 16.0 C
8900 1809 37.2 T
8904 2 16.0 C
8905 1 16.0 C
8906 3 22.3 A
8908 2202 36.2 T
8909 2242 36.6 T
8910 2 27.5 C
8911 2325 36.7 T
8912 2375 37.2 T
8914 1 16.0 C
8915 1 40.0 C
8921 1 16.0 G
8922 1 16.0 C
8923 1 16.0 A
8926 3 15.7 C
8927 1 16.0 C
8928 3043 36.5 T
8931 2 16.0 A
8932 1 16.0 C
8934 2 15.5 C
8935 1 16.0 C
8936 3260 37.1 T
8937 3300 37.6 T
8939 3363 36.9 T
8941 1 16.0 C
8944 2 14.5 A
8945 3546 37.3 T
8948 3583 37.8 T
8949 2 22.5 A
8950 2 26.0 G
8951 3624 37.3 T
8952 3623 37.6 T
8954 3662 37.3 T
8955 3665 37.4 T
8957 3695 37.4 T
8958 2 27.0 C
8959 4 15.5 G
8960 1 37.0 A
8963 2 15.5 C
8964 1 36.0 C
8965 2 14.5 A
8966 3528 36.7 T
8967 1 37.0 C
8968 1 16.0 A
8969 1 13.0 G
8971 1 16.0 C
8972 3483 36.7 T
8975 3487 36.5 T
8978 3396 37.1 T
8979 3365 37.1 T
8981 2 39.0 A
8983 3 37.7 C
8984 2 27.5 C
8985 1 14.0 A
8987 3275 37.3 T
8990 3 27.3 C
8991 1 16.0 C
8992 1 14.0 C
8993 3223 37.3 T
8994 11 13.8 G
8995 1 16.0 G
8996 3 38.0 C
8998 1 15.0 G
8999 3133 37.6 T
9001 3 31.3 C
9002 2 15.5 G
9005 2987 35.8 T
9009 1 30.0 C
9010 1 15.0 G
9012 2805 34.3 T
9013 2 15.0 A
9016 1 13.0 A
9017 2677 37.1 T
9018 2654 37.7 T
9019 2 16.0 A
9021 2605 37.8 T
9022 5 14.6 G
9023 1 40.0 C
9024 3 29.7 A
9027 1 35.0 C
9028 4 15.7 C
9029 2 27.5 A
9032 2322 36.7 T
9035 2247 35.7 T
9038 2168 37.1 T
9039 6 15.2 G
9044 2082 37.4 T
9046 1 16.0 A
9047 2066 37.0 T
9048 2022 37.7 T
9049 3 13.3 G
9054 5 36.0 C
9055 1 16.0 G
9056 1 27.0 C
9057 2 14.5 C
9058 1 36.0 A
9059 1 15.0 C
9061 2 16.0 C
9062 1834 36.7 T
9066 1 16.0 A
9067 1 39.0 A
9068 1726 36.1 T
9070 1621 35.4 T
9072 2 21.5 A
9073 1 16.0 A
9077 1420 35.7 T
9078 1394 36.2 T
9079 3 34.7 A
9082 1 15.0 C
9083 1248 34.8 T
9084 1232 35.9 T
9088 1163 36.2 T
9090 1113 36.7 T
9093 1 16.0 A
9095 991 35.6 T
9096 946 37.0 T
9097 1 13.0 A
9098 903 35.9 T
9101 840 36.0 T
9103 780 35.7 T
9104 761 36.8 T
9110 652 36.7 T
9111 635 37.5 T
9113 619 37.7 T
9116 578 36.7 T
9117 563 37.4 T
9119 527 37.5 T
9122 477 38.1 T
9123 1 13.0 G
9126 420 37.1 T
9127 1 14.0 A
9128 405 37.1 T
9131 375 37.6 T
9137 313 37.3 T
9141 278 37.4 T
9143 262 38.1 T
9148 226 36.6 T
9149 220 37.6 T
9152 202 36.1 T
9160 132 36.4 T
9164 107 35.9 T
9165 102 36.0 T
9166 98 36.7 T
9167 92 37.6 T
9173 72 34.9 T
9174 70 37.5 T
9176 67 37.3 T
9179 64 38.1 T
9185 50 34.9 T
9187 47 34.4 T
9191 39 37.6 T
9205 16 37.9 T
9208 157 35.7 T
9219 171 36.3 T
9224 171 37.5 T
9228 171 36.7 T
9230 171 35.7 T
9233 171 36.1 T
9235 171 36.6 T
9238 171 37.9 T
9252 171 37.4 T
9256 1 16.0 C
9259 171 35.7 T
9267 1 16.0 G
9271 172 34.3 T
9273 170 33.1 T
9280 5 31.6 T
9283 5 31.0 T
9286 6 29.5 T
9291 11 30.1 T
9298 12 35.3 T
9304 14 36.1 T
9306 14 36.3 T
9309 15 34.4 T
9310 15 33.6 T
9311 15 35.9 T
9315 15 37.1 T
9316 15 35.3 T
9321 15 35.5 T
9325 15 33.5 T
9331 15 32.6 T
9334 14 37.8 T
9337 16 34.0 T
9340 16 35.6 T
9346 18 36.2 T
9349 19 32.1 T
9361 29 34.1 T
9367 34 34.6 T
9369 34 35.9 T
9375 35 37.1 T
9378 37 33.9 T
9379 1 13.0 G
9386 60 35.3 T
9388 63 36.7 T
9405 94 36.8 T
9412 1 16.0 G
9428 136 37.6 T
9430 141 37.2 T
9431 1 30.0 C
9441 1 16.0 C
9442 177 35.9 T
9443 181 36.5 T
9447 182 35.9 T
9454 212 36.4 T
9457 230 35.5 T
9460 238 35.4 T
9462 255 35.6 T
9463 250 35.1 T
9464 253 35.8 T
9466 273 36.2 T
9467 277 36.4 T
9471 285 34.4 T
9477 11 35.8 G
9478 291 36.8 T
9479 297 37.0 T
9480 300 37.3 T
9481 302 37.5 T
9482 308 37.3 T
9483 316 37.7 T
9484 327 36.8 T
9486 340 36.4 T
9487 347 37.0 T
9495 395 35.4 T
9496 414 36.2 T
9497 420 36.7 T
9498 428 37.0 T
9499 443 36.9 T
9501 453 37.6 T
9502 1 16.0 G
9507 506 36.5 T
9508 519 36.6 T
9509 521 36.6 T
9510 532 36.9 T
9516 598 35.3 T
9519 1 13.0 A
9521 7 38.9 C
9523 665 36.5 T
9525 2 16.0 G
9526 1 16.0 C
9527 2 14.5 C
9528 1 16.0 C
9530 693 35.4 T
9531 1 13.0 A
9538 3 13.7 A
9539 1 16.0 A
9540 778 35.0 T
9541 805 36.0 T
9545 1 27.0 A
9546 1 16.0 G
9547 1 15.0 G
9548 1 27.0 G
9549 1 15.0 C
9550 2 27.0 A
9551 5 38.8 C
9552 964 36.1 T
9553 1 15.0 G
9554 1 16.0 G
9555 1 13.0 C
9557 1 39.0 C
9561 1 16.0 A
9563 1 15.0 A
9564 1 16.0 G
9565 1 14.0 G
9566 1 40.0 C
9568 1269 34.8 T
9571 2 15.5 C
9572 1 15.0 C
9574 1 15.0 C
9577 1523 33.8 T
9581 1622 35.5 T
9582 1 37.0 C
9584 1 16.0 C
9585 1 40.0 C
9586 1706 36.3 T
9587 1 15.0 A
9588 2 38.0 G
9592 1935 36.4 T
9594 2 15.5 C
9595 2 25.0 C
9598 2122 35.4 T
9599 1 16.0 C
9601 2249 36.8 T
9604 1 16.0 A
9609 2581 36.6 T
9611 1 31.0 C
9613 2794 37.4 T
9614 2 16.0 A
9615 2894 36.3 T
9616 2960 36.8 T
9617 2 38.0 A
9618 3 28.7 C
9619 3170 37.0 T
9621 4 33.0 G
9624 3548 36.5 T
9625 1 37.0 C
9627 1 36.0 G
9628 2 15.5 G
9629 2 16.0 A
9631 3932 37.2 T
9632 1 16.0 A
9633 3923 36.6 T
9635 5 18.8 A
9637 4007 36.6 T
9639 1 15.0 A
9640 2 16.0 C
9641 1 16.0 C
9642 3977 36.9 T
9643 2 21.0 G
9647 4037 35.4 T
9649 3 23.7 A
9650 14 39.2 C
9651 2 15.5 C
9652 5 18.4 A
9653 4148 37.3 T
9654 1 27.0 A
9656 4162 37.5 T
9657 1 16.0 C
9658 4239 37.6 T
9659 2 39.5 A
9660 3 19.7 A
9661 4437 37.0 T
9662 1 37.0 A
9663 1 16.0 G
9665 1 15.0 A
9666 3 14.7 A
9667 1 15.0 A
9668 1 16.0 C
9669 3 15.0 A
9670 1 16.0 A
9671 2 26.5 C
9672 1 15.0 C
9673 1 16.0 G
9674 2 15.5 A
9675 2 13.5 A
9676 4 21.2 A
9677 2 16.0 C
9678 4 26.5 C
9681 4 15.7 A
9682 6017 36.8 T
9683 2 38.0 A
9684 5 20.0 A
9685 6213 36.9 T
9686 6286 37.5 T
9687 1 40.0 C
9688 5 20.8 A
9690 1 25.0 G
9691 2 16.0 C
9692 4 15.7 A
9694 6775 35.7 T
9695 1 16.0 G
9697 6907 34.7 T
9698 6980 35.7 T
9699 1 39.0 A
9700 7055 35.7 T
9701 7121 36.1 T
9702 1 16.0 A
9703 1 16.0 C
9704 3 15.7 A
9705 4 21.2 A
9706 7371 36.0 T
9707 7455 35.9 T
9708 7512 35.9 T
9709 7546 36.7 T
9711 1 16.0 C
9712 7709 37.2 T
9713 3 22.3 G
9714 5 22.4 G
9715 2 21.0 G
9716 7728 35.4 T
9718 7773 35.0 T
9720 7809 36.4 T
9722 7812 36.9 T
9723 7861 36.8 T
9724 7787 37.1 T
9725 7843 37.7 T
9726 1 40.0 A
9727 2 16.0 C
9728 3 23.7 C
9729 2 21.0 C
9730 8021 35.6 T
9731 1 36.0 C
9732 1 13.0 C
9733 8235 37.3 T
9736 1 16.0 A
9737 4 16.0 A
9738 2 20.0 G
9739 2 14.5 C
9740 5 18.0 C
9741 8851 36.8 T
9742 3 27.3 C
9743 4 16.0 A
9744 2 16.0 G
9745 5 17.6 A
9746 2 19.5 G
9747 9141 37.3 T
9748 1 39.0 A
9749 2 27.5 C
9750 9342 36.8 T
9751 9390 37.2 T
9752 2 27.0 C
9753 1 15.0 G
9754 3 16.0 A
9755 1 13.0 G
9756 9660 36.2 T
9758 9567 35.6 T
9759 2 21.5 C
9760 4 22.0 C
9762 9467 37.1 T
9763 9407 37.5 T
9765 8 18.2 A
9766 3 31.7 C
9767 3 14.7 C
9768 2 16.0 A
9769 9203 37.3 T
9770 9103 37.3 T
9771 8926 37.4 T
9772 1 31.0 C
9773 5 33.0 C
9774 5 15.6 G
9775 4 15.7 A
9776 3 23.0 C
9777 2 27.0 G
9778 4 26.5 G
9779 4 27.5 C
9780 4 28.7 A
9781 8654 36.6 T
9782 1 16.0 C
9783 8554 37.3 T
9784 1 16.0 A
9785 6 34.2 C
9786 3 15.7 G
9787 6 23.0 G
9788 1 16.0 C
9789 8241 33.8 T
9790 1 13.0 C
9791 2 16.0 A
9792 2 23.5 A
9794 4 14.7 A
9795 7858 37.3 T
9796 7795 37.0 T
9797 7708 36.6 T
9798 7644 36.8 T
9799 7579 37.5 T
9800 7512 37.1 T
9801 4 13.5 G
9802 7365 38.1 T
9803 2 27.5 A
9804 8 14.7 G
9806 4 21.2 C
9807 2 15.0 A
9808 3 22.0 C
9809 7 21.6 A
9810 7 27.6 G
9811 3 30.0 G
9813 6718 35.1 T
9814 6724 36.7 T
9815 3 19.0 C
9816 3 19.0 C
9817 4 21.5 A
9818 14 36.2 C
9820 4 15.5 G
9821 4 24.0 A
9823 6078 34.7 T
9824 6010 36.7 T
9825 3 15.0 C
9826 3 19.0 A
9827 4 15.5 C
9828 2 15.5 G
9829 5719 37.0 T
9831 1 15.0 A
9832 5460 35.8 T
9833 5402 36.2 T
9835 5201 36.3 T
9836 5160 36.9 T
9837 8 14.4 G
9838 2 15.5 G
9839 3 30.0 C
9840 4768 35.1 T
9842 5 15.6 A
9843 3 30.3 A
9844 1 15.0 C
9845 4431 36.4 T
9846 4370 36.9 T
9847 4313 37.5 T
9848 1 16.0 C
9849 1 16.0 C
9850 4079 36.1 T
9852 3 16.0 A
9853 1 16.0 C
9854 3721 36.4 T
9855 2 38.0 A
9856 3587 36.2 T
9858 3491 36.8 T
9859 8 14.0 G
9861 3325 35.6 T
9862 3297 37.1 T
9864 1 15.0 A
9865 3144 37.3 T
9867 1 16.0 C
9869 1 14.0 C
9870 2 27.0 C
9871 5 18.6 A
9872 1 15.0 A
9874 2631 36.9 T
9875 2 14.0 A
9876 1 16.0 A
9877 2422 36.7 T
9878 1 16.0 A
9879 2280 36.8 T
9880 2236 37.1 T
9881 2185 37.4 T
9883 2 15.5 A
9884 1 16.0 C
9885 1975 37.0 T
9886 1910 37.7 T
9887 1843 38.3 T
9888 1 13.0 A
9891 1674 37.2 T
9893 1 15.0 C
9895 1 15.0 A
9897 1 16.0 C
9899 1495 36.2 T
9903 1336 36.2 T
9904 1284 37.7 T
9905 1226 37.7 T
9906 9 16.6 G
9907 1 16.0 G
9909 1081 34.4 T
9910 1074 36.7 T
9916 1 39.0 C
9924 650 36.2 T
9927 588 35.8 T
9928 1 15.0 A
9930 527 35.1 T
9935 443 34.3 T
9936 436 35.2 T
9937 426 35.9 T
9938 416 36.5 T
9940 399 37.8 T
9941 1 13.0 A
9943 1 15.0 A
9944 349 35.1 T
9945 1 13.0 G
9946 333 36.1 T
9947 1 15.0 G
9948 1 38.0 G
9949 299 35.9 T
9950 293 37.0 T
9951 285 37.2 T
9955 244 36.3 T
9957 228 35.8 T
9958 218 36.3 T
9959 209 37.2 T
9961 194 35.0 T
9962 1 30.0 G
9963 177 37.2 T
9965 162 36.5 T
9967 147 37.8 T
9969 122 35.5 T
9973 98 35.9 T
9975 90 33.4 T
9977 85 34.8 T
9978 80 36.2 T
9981 73 35.2 T
9987 52 33.5 T
9989 36 31.5 T
9990 32 34.3 T
9993 24 38.0 T
9995 24 37.4 T
9996 24 37.3 T
9997 24 37.9 T
9998 24 37.5 T
10001 24 37.8 T
10003 24 38.0 T
10007 24 37.6 T
10010 24 39.2 T
10015 24 37.0 T
10016 24 38.8 T
10020 24 38.4 T
10021 24 38.7 T
10026 24 38.1 T
10027 24 38.5 T
10031 24 37.0 T
10034 24 38.6 T
10035 24 36.0 T
10036 24 37.9 T
10037 24 38.3 T
10045 24 36.7 T
10046 24 36.8 T
10057 24 36.2 T
10060 1031 37.3 T
10065 1035 36.0 T
10066 1034 36.7 T
10071 1035 37.5 T
10072 1035 37.9 T
10073 1 16.0 A
10075 1035 37.4 T
10076 1034 37.3 T
10077 1035 37.7 T
10078 1034 38.2 T
10081 1034 37.4 T
10084 1033 36.1 T
10086 1 16.0 A
10089 1 16.0 A
10090 1 16.0 C
10091 1 16.0 C
10092 1 16.0 C
10093 1035 36.3 T
10096 1035 37.5 T
10101 1033 37.5 T
10102 1035 37.8 T
10105 1038 38.1 T
10108 1071 38.0 T
10109 2 38.0 A
10111 1074 36.6 T
10114 1076 35.9 T
10115 1081 36.3 T
10117 1080 35.8 T
10118 1080 36.6 T
10121 1 16.0 A
10122 1082 36.8 T
10123 1082 36.9 T
10124 1082 37.6 T
10125 1082 37.2 T
10129 55 36.5 T
10138 57 34.7 T
10142 1 40.0 C
10146 63 34.9 T
10150 59 36.7 T
10158 67 35.4 T
10164 1 15.0 C
10166 72 35.9 T
10167 72 37.3 T
10173 75 36.5 T
10179 52 33.4 T
10180 54 35.7 T
10187 55 35.8 T
10189 55 37.8 T
10191 59 35.9 T
10204 73 36.8 T
10208 75 36.9 T
10209 75 37.7 T
10210 73 37.7 T
10212 73 34.2 T
10216 77 36.9 T
10221 82 37.5 T
10222 82 37.2 T
10224 86 37.6 T
10225 87 37.9 T
10227 91 36.8 T
10228 94 37.4 T
10231 94 37.8 T
10235 100 36.8 T
10237 103 36.6 T
10238 105 36.8 T
10242 101 37.3 T
10243 101 37.4 T
10245 102 37.6 T
10246 103 38.4 T
10248 102 36.8 T
10249 100 38.0 T
10251 99 37.4 T
10252 97 36.6 T
10253 97 37.1 T
10256 97 35.7 T
10258 95 36.3 T
10264 100 37.8 T
10265 100 37.3 T
10270 97 36.8 T
10273 98 37.4 T
10274 96 37.0 T
10275 96 37.2 T
10276 92 38.2 T
10282 92 37.4 T
10287 93 37.4 T
10294 89 37.2 T
10302 1 14.0 A
10304 68 37.2 T
10309 68 36.6 T
10315 58 36.6 T
10318 56 36.4 T
10321 50 37.4 T
10322 50 38.2 T
10324 49 38.1 T
10326 44 38.5 T
10329 42 38.0 T
10333 37 37.4 T
10335 34 38.0 T
10336 32 37.7 T
10338 30 36.1 T
10339 30 38.6 T
10342 28 38.9 T
10345 26 37.9 T
10348 24 36.4 T
10351 23 38.0 T
10357 23 38.6 T
10361 15 36.1 T
10363 18 37.7 T
10368 17 38.8 T
10370 16 38.2 T
10374 15 39.0 T
10378 13 34.1 T
10389 12 37.2 T
10390 12 37.1 T
10395 11 34.8 T
10404 11 37.0 T
10405 9 34.2 T
10408 9 38.4 T
10410 9 35.8 T
10412 9 39.2 T
10415 9 35.3 T
10416 9 34.7 T
10417 9 38.0 T
10430 7 37.9 T
10433 7 32.6 T
10434 7 36.9 T
10435 7 34.6 T
10440 7 37.9 T
10443 7 35.0 T
10444 7 38.1 T
10448 7 33.1 T
10449 5 36.4 T
10451 3 33.7 T
10454 3 35.7 T
10457 3 31.3 T
10460 3 39.3 T
10462 3 38.7 T
10463 3 36.0 T
10464 3 36.0 T
10471 141 37.2 T
10477 202 36.1 T
10480 199 36.2 T
10481 199 36.8 T
10482 199 37.1 T
10486 199 37.1 T
10490 198 37.6 T
10492 199 37.7 T
10493 199 38.4 T
10495 199 37.9 T
10498 199 38.3 T
10503 201 36.2 T
10504 201 36.6 T
10505 201 37.0 T
10510 201 37.0 T
10512 201 35.9 T
10514 1 16.0 A
10516 202 37.0 T
10517 202 37.3 T
10519 202 38.0 T
10523 2 15.5 A
10525 201 35.7 T
10526 1 13.0 A
10528 202 36.8 T
10531 202 37.1 T
10533 202 35.7 T
10535 202 35.1 T
10539 52 27.5 T
10546 5 37.8 T
10549 6 34.8 T
10551 9 33.3 T
10554 9 32.0 T
10558 10 34.6 T
10561 11 34.1 T
10563 11 33.6 T
10567 12 37.4 T
10576 19 34.9 T
10579 19 36.1 T
10582 22 37.1 T
10584 22 35.1 T
10588 27 34.2 T
10590 27 35.0 T
10591 28 36.7 T
10594 35 35.5 T
10595 35 35.4 T
10597 34 36.6 T
10601 33 36.1 T
10604 37 33.9 T
10606 40 34.1 T
10609 44 36.4 T
10615 47 35.3 T
10626 63 33.1 T
10630 68 34.4 T
10632 74 36.4 T
10633 73 36.6 T
10640 75 36.6 T
10642 80 36.7 T
10643 80 37.4 T
10645 84 35.7 T
10649 91 36.7 T
10651 94 37.6 T
10652 94 37.3 T
10657 97 37.2 T
10660 100 37.9 T
10663 109 35.7 T
10665 113 35.9 T
10666 114 36.8 T
10667 116 36.1 T
10674 131 36.0 T
10676 4 38.2 C
10687 173 37.0 T
10688 3 21.7 G
10690 1 15.0 G
10693 215 37.4 T
10699 266 37.5 T
10702 281 37.1 T
10705 286 35.7 T
10707 285 34.4 T
10711 297 35.1 T
10713 297 33.8 T
10722 303 36.8 T
10724 305 37.5 T
10729 315 36.7 T
10734 345 36.5 T
10736 1 16.0 C
10738 390 36.5 T
10742 404 36.5 T
10747 423 35.3 T
10749 1 16.0 A
10750 1 16.0 A
10753 443 36.1 T
10756 412 35.9 T
10758 1 40.0 C
10761 423 36.6 T
10764 429 37.0 T
10770 415 37.9 T
10773 434 37.1 T
10776 440 36.6 T
10784 1 13.0 A
10785 442 35.0 T
10786 441 36.3 T
10788 448 36.7 T
10790 448 36.0 T
10791 458 36.5 T
10794 469 36.8 T
10799 1 13.0 C
10800 490 36.9 T
10801 2 14.5 G
10804 1 15.0 A
10805 472 37.5 T
10808 33 36.8 C
10809 490 36.3 T
10810 492 37.0 T
10811 495 37.4 T
10815 1 16.0 A
10817 1 16.0 A
10818 1 15.0 A
10823 1 14.0 A
10824 504 36.6 T
10827 502 36.4 T
10828 498 36.9 T
10829 498 36.9 T
10833 485 36.1 T
10836 1 16.0 A
10850 1 16.0 A
10853 1 15.0 C
10854 462 36.7 T
10855 1 15.0 A
10857 456 37.1 T
10858 458 37.2 T
10860 444 37.2 T
10861 451 37.7 T
10866 430 34.9 T
10869 409 34.1 T
10872 1 14.0 C
10873 396 34.9 T
10875 396 35.7 T
10878 398 37.7 T
10880 399 37.1 T
10881 393 37.6 T
10882 387 37.2 T
10883 386 36.0 T
10884 388 36.2 T
10885 393 36.0 T
10893 366 36.1 T
10894 1 16.0 C
10905 328 35.4 T
10907 308 35.9 T
10908 306 36.1 T
10909 304 37.3 T
10913 298 36.5 T
10915 294 34.1 T
10916 290 33.7 T
10925 302 32.2 T
10926 312 34.1 T
10927 315 34.4 T
10928 314 34.9 T
10931 301 32.9 T
10937 1 14.0 C
10941 273 27.5 T
10942 1 15.0 A
10943 1 16.0 A
10945 2 21.0 A
10948 1 16.0 C
10953 264 27.0 T
10954 1 14.0 C
10956 296 31.3 T
10959 292 30.6 T
10960 2 15.0 A
10962 293 31.5 T
10963 1 15.0 A
10966 291 31.7 T
10970 296 32.7 T
10971 1 15.0 G
10974 287 30.9 T
10976 1 15.0 C
10977 294 32.5 T
10983 286 31.2 T
10984 1 16.0 C
10989 315 33.6 T
10992 314 34.7 T
10993 2 16.0 G
10996 1 27.0 A
10999 1 39.0 C
11009 367 34.6 T
11010 373 35.9 T
11012 373 35.6 T
11015 2 39.5 A
11017 371 36.0 T
11023 1 35.0 A
11025 364 35.2 T
11027 366 35.3 T
11037 1 16.0 A
11038 1 16.0 A
11039 1 16.0 C
11040 411 33.8 T
11042 406 33.5 T
11046 404 33.2 T
11048 405 33.9 T
11049 1 16.0 C
11050 422 35.9 T
11052 424 35.8 T
11055 423 36.3 T
11058 420 34.7 T
11060 417 34.1 T
11064 412 35.8 T
11070 415 34.6 T
11072 411 34.3 T
11075 418 35.9 T
11076 426 36.9 T
11079 424 36.4 T
11080 425 36.5 T
11082 425 37.2 T
11087 427 36.5 T
11088 432 36.7 T
11103 374 36.2 T
11106 376 36.4 T
11108 1 16.0 A
11109 370 37.3 T
11111 364 36.4 T
11112 370 35.4 T
11113 370 35.2 T
11114 374 36.0 T
11116 366 36.9 T
11118 378 36.7 T
11120 383 36.0 T
11121 381 36.1 T
11123 388 35.4 T
11124 384 36.4 T
11131 1 27.0 C
11136 441 36.2 T
11137 437 36.6 T
11139 443 37.4 T
11141 1 16.0 C
11143 1 40.0 C
11147 436 36.7 T
11148 433 36.3 T
11149 1 16.0 G
11152 433 35.7 T
11154 432 36.1 T
11157 435 36.5 T
11165 440 34.6 T
11166 1 15.0 G
11170 1 39.0 C
11180 1 16.0 G
11181 1 38.0 A
11187 405 36.4 T
11190 1 15.0 A
11194 2 15.0 A
11199 1 16.0 C
11201 346 37.0 T
11204 337 35.9 T
11205 339 36.2 T
11208 340 37.2 T
11210 349 35.7 T
11211 346 36.0 T
11213 338 36.1 T
11219 1 16.0 C
11220 315 37.2 T
11223 305 37.3 T
11227 1 15.0 C
11228 280 34.8 T
11232 269 35.8 T
11233 270 36.6 T
11238 263 36.2 T
11239 1 13.0 A
11241 268 35.7 T
11244 267 37.1 T
11250 248 36.5 T
11253 238 36.3 T
11254 236 36.0 T
11255 229 36.4 T
11260 220 35.4 T
11264 1 13.0 A
11271 211 36.8 T
11276 213 33.8 T
11280 212 35.6 T
11286 199 35.9 T
11287 201 35.8 T
11289 200 35.2 T
11292 202 36.1 T
11295 202 34.8 T
11299 195 34.7 T
11301 194 35.6 T
11305 190 37.8 T
11316 182 36.7 T
11318 180 35.8 T
11324 171 35.8 T
11327 175 37.1 T
11339 164 36.1 T
11340 162 36.6 T
11343 163 36.6 T
11345 182 36.7 T
11349 187 37.2 T
11353 191 35.2 T
11354 193 37.2 T
11360 1 16.0 A
11361 185 36.4 T
11365 182 34.5 T
11366 181 35.2 T
11367 186 36.4 T
11368 186 37.4 T
11370 185 37.6 T
11373 187 37.7 T
11378 1 16.0 A
11379 189 36.0 T
11383 187 35.2 T
11385 212 35.9 T
11386 217 35.6 T
11387 213 36.3 T
11394 215 34.5 T
11399 210 36.4 T
11400 213 37.2 T
11402 217 36.6 T
11403 1 16.0 G
11406 218 34.8 T
11409 1 40.0 C
11410 206 36.0 T
11419 186 36.2 T
11421 186 37.0 T
11425 1 38.0 A
11433 201 35.9 T
11437 203 35.6 T
11438 1 13.0 G
11441 197 35.5 T
11445 193 36.4 T
11448 195 37.1 T
11451 191 37.2 T
11452 165 37.6 T
11460 159 36.2 T
11463 164 35.1 T
11465 158 36.6 T
11466 156 36.9 T
11472 164 37.0 T
11480 176 33.7 T
11482 175 36.2 T
11485 178 37.7 T
11487 178 37.6 T
11490 178 36.1 T
11496 170 32.8 T
11502 164 35.3 T
11505 165 36.3 T
11506 165 37.0 T
11508 166 34.2 T
11515 1 16.0 C
11517 174 35.7 T
11529 173 37.1 T
11534 169 35.5 T
11536 1 40.0 C
11540 172 36.1 T
11541 172 36.4 T
11544 172 36.7 T
11545 173 36.5 T
11547 175 37.0 T
11550 173 37.7 T
11552 173 36.9 T
11554 1 16.0 C
11556 174 36.6 T
11557 1 16.0 A
11558 171 37.0 T
11565 146 35.9 T
11568 161 36.3 T
11569 163 36.5 T
11571 165 36.9 T
11579 165 34.3 T
11583 165 36.3 T
11585 169 36.6 T
11588 1 15.0 C
11589 190 36.2 T
11604 245 35.9 T
11609 271 37.3 T
11613 285 34.8 T
11616 285 36.7 T
11617 291 36.7 T
11621 321 36.7 T
11624 349 36.1 T
11626 344 36.0 T
11627 358 36.8 T
11631 359 37.1 T
11632 1 36.0 C
11633 1 15.0 A
11635 1 40.0 C
11638 1 16.0 C
11639 1 16.0 A
11640 395 37.3 T
11641 1 14.0 A
11646 423 36.2 T
11647 1 16.0 C
11649 480 37.3 T
11652 529 36.6 T
11656 1 15.0 A
11657 1 16.0 G
11661 560 36.0 T
11662 558 36.1 T
11663 1 37.0 C
11664 560 34.3 T
11667 574 35.8 T
11672 1 15.0 A
11675 1 15.0 C
11677 1 16.0 C
11678 629 36.4 T
11679 2 15.0 G
11682 1 13.0 G
11684 705 34.5 T
11685 716 35.7 T
11689 1 14.0 C
11695 2 33.5 A
11697 825 36.0 T
11700 868 35.3 T
11701 877 35.9 T
11703 881 35.4 T
11706 899 36.7 T
11708 1 16.0 A
11709 937 36.6 T
11714 2 15.0 C
11716 3 38.0 C
11721 1071 34.7 T
11722 1100 36.5 T
11725 1 16.0 A
11726 1151 35.5 T
11727 1 13.0 C
11729 1171 35.1 T
11732 1221 35.8 T
11733 1232 36.3 T
11736 1277 37.1 T
11738 1290 36.7 T
11739 1304 37.1 T
11741 1350 37.1 T
11742 1 15.0 G
11745 1423 36.6 T
11747 1 15.0 G
11750 2 16.0 A
11751 1 15.0 A
11753 1548 35.4 T
11754 1 13.0 C
11756 1 27.0 A
11757 1 15.0 A
11759 1702 36.9 T
11764 1 16.0 A
11766 1 31.0 G
11770 2066 34.8 T
11772 1 16.0 A
11774 1 16.0 A
11776 2245 37.1 T
11780 1 14.0 A
11781 2354 35.3 T
11783 1 16.0 A
11784 2419 37.1 T
11787 2460 36.4 T
11789 2 15.5 C
11790 2517 35.8 T
11792 2542 35.8 T
11794 2620 35.7 T
11795 1 40.0 C
11796 3 19.3 A
11797 1 27.0 A
11801 1 16.0 C
11802 2827 36.3 T
11803 2842 36.6 T
11805 2 16.0 A
11806 1 16.0 A
11809 3006 35.5 T
11810 1 40.0 C
11811 3050 36.2 T
11813 1 16.0 C
11814 3066 35.4 T
11816 2 28.0 C
11818 5 15.2 A
11820 3171 36.9 T
11821 1 16.0 A
11822 1 16.0 A
11823 3257 36.9 T
11825 2 28.0 G
11827 3354 35.8 T
11828 3377 36.1 T
11829 3384 36.8 T
11830 3412 37.5 T
11831 3444 37.6 T
11832 2 13.0 G
11834 3496 37.6 T
11835 1 15.0 G
11836 4 23.2 A
11838 3614 36.2 T
11839 3649 36.7 T
11841 3687 37.3 T
11843 1 38.0 G
11846 1 25.0 A
11847 2 15.5 G
11850 3894 36.8 T
11852 1 16.0 G
11853 2 39.5 C
11854 4038 35.9 T
11856 1 14.0 A
11857 2 16.0 C
11859 4080 35.9 T
11861 2 15.0 G
11864 4244 36.2 T
11865 4274 36.8 T
11867 3 37.3 C
11868 2 16.0 C
11869 3 14.7 C
11870 1 16.0 C
11871 5 15.2 C
11872 2 20.0 C
11874 1 13.0 C
11875 4255 35.8 T
11876 2 25.5 A
11877 4267 35.7 T
11878 4288 36.3 T
11879 1 40.0 A
11881 1 27.0 C
11883 4307 36.8 T
11886 4376 37.4 T
11887 4 17.7 G
11888 2 27.5 G
11890 2 23.5 A
11891 2 14.5 G
11892 1 15.0 A
11893 1 16.0 A
11895 4356 36.6 T
11896 1 13.0 C
11897 4377 36.3 T
11899 4426 37.3 T
11900 4 20.2 G
11901 4434 37.5 T
11902 10 14.4 G
11903 2 38.0 C
11904 4413 37.2 T
11905 1 16.0 A
11906 1 16.0 G
11907 4415 38.0 T
11909 2 15.5 A
11911 4 15.5 C
11912 1 16.0 A
11913 17 37.9 C
11914 1 14.0 G
11915 4434 35.9 T
11916 4435 36.3 T
11918 4393 36.5 T
11920 1 15.0 C
11921 4357 37.6 T
11922 1 27.0 G
11924 4334 37.5 T
11926 1 16.0 A
11927 3 15.0 A
11928 1 16.0 A
11929 4280 36.1 T
11930 2 15.5 A
11931 4245 35.5 T
11933 2 16.0 A
11934 1 16.0 C
11935 4122 35.5 T
11937 4060 35.4 T
11938 2 16.0 C
11940 3987 37.3 T
11941 2 26.5 A
11943 3838 37.4 T
11944 3808 37.9 T
11945 2 27.5 A
11948 1 40.0 G
11949 2 21.5 G
11950 2 16.0 A
11952 3532 36.3 T
11953 1 13.0 C
11955 1 39.0 A
11957 1 14.0 A
11958 3343 37.2 T
11959 1 13.0 A
11961 3176 37.5 T
11963 1 16.0 G
11964 3053 37.3 T
11967 2 25.5 C
11968 4 15.2 A
11969 3 38.7 G
11971 3 15.0 C
11972 1 15.0 C
11973 2857 34.9 T
11974 1 27.0 A
11975 2804 35.0 T
11976 1 15.0 A
11978 2708 34.4 T
11979 1 27.0 C
11981 1 39.0 C
11982 2573 34.7 T
11983 1 27.0 C
11984 2510 34.8 T
11986 1 15.0 C
11987 1 15.0 A
11988 2372 36.9 T
11989 1 13.0 A
11990 2328 35.8 T
11991 2290 36.2 T
11992 2259 36.6 T
11993 1 15.0 A
11996 1 16.0 A
11999 1 13.0 A
12005 1774 36.6 T
12006 1 15.0 G
12009 1 15.0 G
12011 1560 33.5 T
12013 1 16.0 A
12015 1416 34.3 T
12022 1 15.0 C
12027 1119 35.8 T
12028 1104 36.0 T
12029 1 16.0 A
12036 977 37.2 T
12037 1 13.0 A
12038 1 16.0 A
12039 1 16.0 A
12042 2 23.0 C
12044 758 35.3 T
12047 699 36.1 T
12048 687 36.6 T
12054 1 15.0 G
12059 1 15.0 A
12066 415 34.7 T
12069 398 36.0 T
12071 372 35.4 T
12072 358 35.8 T
12075 331 35.6 T
12081 279 34.4 T
12083 263 33.9 T
12090 218 35.1 T
12091 212 34.9 T
12093 194 34.4 T
12096 182 34.2 T
12099 169 37.0 T
12101 163 36.3 T
12102 1 13.0 C
12105 141 36.8 T
12117 96 35.0 T
12120 87 35.5 T
12121 82 36.0 T
12127 6 28.7 G
12128 56 31.1 T
12129 54 32.3 T
12130 52 33.8 T
12131 50 33.6 T
12134 41 35.2 T
12136 34 33.9 T
12137 30 36.7 T
12255 2 24.5 T
12259 2 39.0 T
12260 2 37.5 T
12261 2 32.5 T
12263 2 31.0 T
12268 2 36.5 T
12269 2 32.0 T
12270 2 25.0 T
12271 2 38.0 T
12278 2 27.5 T
12285 2 38.0 T
12287 2 36.0 T
12291 2 35.0 T
12292 2 38.0 T
12295 2 37.5 T
12297 2 35.0 T
12298 2 39.0 T
12311 2 37.0 T
12312 2 27.0 T
12313 2 25.5 T
12314 2 25.0 T
12317 2 34.5 T
12338 24 37.2 T
12344 24 38.3 T
12351 24 36.5 T
12354 24 38.4 T
12356 24 37.5 T
12365 24 37.1 T
12371 24 36.8 T
12375 24 37.1 T
12376 24 38.3 T
12380 24 37.4 T
12383 24 35.3 T
12384 24 36.7 T
12392 24 36.7 T
12395 24 37.8 T
12396 24 38.1 T
12404 23 25.3 T
12452 24 36.5 T
12453 24 38.0 T
12455 24 38.7 T
12460 29 34.2 T
12466 30 35.8 T
12467 30 36.1 T
12468 30 37.2 T
12470 37 35.5 T
12471 37 35.4 T
12473 37 35.3 T
12477 37 36.8 T
12479 37 34.6 T
12481 37 35.2 T
12482 36 34.7 T
12494 37 35.0 T
12496 37 35.5 T
12497 37 36.9 T
12500 37 37.3 T
12502 37 37.7 T
12506 37 36.3 T
12518 38 34.7 T
12519 17 35.9 T
12521 14 33.4 T
12522 13 36.5 T
12524 16 33.9 T
12526 16 35.6 T
12532 19 36.1 T
12538 23 34.7 T
12563 35 34.7 T
12565 38 37.2 T
12569 39 36.9 T
12574 44 35.5 T
12575 44 37.5 T
12581 59 37.6 T
12586 62 37.3 T
12589 71 36.7 T
12590 72 36.4 T
12592 72 36.5 T
12596 74 36.9 T
12599 77 37.2 T
12601 80 37.7 T
12602 80 37.7 T
12605 82 37.7 T
12609 85 37.9 T
12611 87 38.6 T
12616 101 37.0 T
12617 102 37.8 T
12619 102 36.9 T
12620 105 37.7 T
12623 112 37.2 T
12624 113 37.4 T
12628 130 37.5 T
12631 134 36.8 T
12635 138 36.9 T
12638 143 37.3 T
12642 1 16.0 A
12643 191 36.2 T
12644 194 36.2 T
12646 198 36.6 T
12650 199 37.6 T
12651 1 16.0 G
12652 199 38.1 T
12655 204 37.5 T
12657 205 37.4 T
12659 210 37.3 T
12662 1 15.0 A
12664 202 36.0 T
12676 1 16.0 A
12677 231 36.6 T
12678 233 37.3 T
12681 243 35.9 T
12685 243 35.6 T
12686 243 35.8 T
12688 239 35.6 T
12689 244 36.2 T
12693 1 15.0 A
12694 273 36.7 T
12696 275 36.2 T
12698 264 36.7 T
12701 280 36.0 T
12702 1 16.0 C
12704 287 36.3 T
12706 295 36.8 T
12707 301 37.0 T
12710 285 37.5 T
12713 291 36.4 T
12714 294 36.8 T
12719 310 37.1 T
12722 318 36.8 T
12723 1 16.0 A
12724 1 15.0 A
12725 312 36.6 T
12727 312 36.9 T
12728 315 38.1 T
12731 332 37.5 T
12732 334 37.6 T
12738 344 35.0 T
12746 354 37.1 T
12748 366 37.4 T
12749 370 37.6 T
12752 1 40.0 A
12755 387 37.9 T
12757 384 37.1 T
12758 391 37.2 T
12761 406 37.3 T
12766 416 36.3 T
12774 4 38.7 C
12776 477 38.1 T
12782 479 36.0 T
12783 486 36.8 T
12785 484 37.5 T
12787 484 37.0 T
12790 475 37.6 T
12791 471 37.1 T
12793 469 37.5 T
12794 469 37.7 T
12795 1 30.0 G
12797 482 34.6 T
12800 479 36.5 T
12804 476 37.7 T
12805 472 37.7 T
12808 452 37.6 T
12811 445 37.0 T
12813 2 27.5 C
12816 1 16.0 C
12822 1 34.0 A
12825 433 37.1 T
12827 3 29.7 C
12842 351 37.2 T
12843 351 37.4 T
12846 1 16.0 A
12848 3 37.7 C
12849 1 15.0 A
12851 337 35.8 T
12854 325 37.4 T
12856 318 36.4 T
12864 283 37.0 T
12866 270 37.0 T
12873 240 35.0 T
12875 234 34.8 T
12877 2 28.5 G
12879 231 34.7 T
12880 225 35.5 T
12881 226 36.3 T
12884 228 36.4 T
12887 217 36.7 T
12892 225 35.8 T
12893 227 36.7 T
12898 228 37.2 T
12901 220 35.3 T
12902 220 36.4 T
12903 222 37.2 T
12905 226 36.6 T
12908 230 36.5 T
12911 1 16.0 A
12913 223 36.3 T
12919 210 36.9 T
12922 223 37.4 T
12923 1 13.0 G
12926 1 15.0 A
12938 236 36.4 T
12944 234 36.2 T
12945 233 36.5 T
12947 231 36.5 T
12954 241 35.7 T
12957 239 36.2 T
12965 240 36.7 T
12974 249 36.2 T
12977 250 36.4 T
12983 247 35.9 T
12986 241 35.6 T
12989 235 37.2 T
13003 1 13.0 A
13006 201 36.7 T
13011 1 16.0 C
13015 213 36.8 T
13016 212 37.5 T
13020 210 36.3 T
13022 217 35.8 T
13030 220 36.9 T
13034 213 34.8 T
13039 203 34.5 T
13046 200 36.9 T
13053 1 16.0 C
13055 1 15.0 C
13064 177 35.6 T
13066 168 34.4 T
13072 2 27.0 C
13073 160 35.3 T
13076 125 34.4 T
13081 123 34.4 T
13089 118 34.1 T
13091 113 34.7 T
13094 115 37.0 T
13095 119 37.3 T
13096 1 14.0 G
13097 117 36.8 T
13105 1 13.0 A
13106 107 35.1 T
13108 109 35.2 T
13109 104 36.2 T
13111 104 36.1 T
13112 103 37.3 T
13115 99 35.9 T
13118 88 36.2 T
13123 86 34.1 T
13124 87 35.1 T
13130 1 15.0 C
13133 53 37.2 T
13143 78 36.5 T
13151 78 37.3 T
13154 84 35.9 T
13161 87 35.8 T
13163 86 36.9 T
13169 92 37.4 T
13171 92 37.0 T
13174 95 37.0 T
13175 95 37.4 T
13182 95 35.4 T
13184 99 35.7 T
13191 99 36.6 T
13193 98 37.3 T
13195 97 37.4 T
13196 98 38.0 T
13205 99 37.6 T
13207 98 37.1 T
13212 1 39.0 C
13213 1 14.0 C
13214 123 34.4 T
13215 124 36.1 T
13224 125 36.0 T
13229 135 35.1 T
13238 139 38.0 T
13241 149 37.4 T
13246 152 35.5 T
13247 152 35.8 T
13248 2 14.5 C
13249 158 35.7 T
13254 162 35.7 T
13255 156 37.0 T
13260 158 37.4 T
13263 1 31.0 A
13265 166 37.0 T
13271 174 36.7 T
13274 179 36.8 T
13277 183 36.4 T
13280 179 36.4 T
13281 179 36.5 T
13286 196 35.9 T
13292 209 36.0 T
13307 237 36.8 T
13312 218 37.4 T
13313 219 37.5 T
13316 218 37.8 T
13318 2 37.0 C
13321 1 16.0 A
13322 222 37.3 T
13324 220 37.1 T
13326 220 37.5 T
13330 1 15.0 C
13336 217 36.6 T
13337 219 36.3 T
13339 217 35.7 T
13340 224 37.0 T
13349 225 36.9 T
13352 221 38.0 T
13354 217 37.3 T
13355 217 37.8 T
13356 218 37.8 T
13358 219 37.9 T
13359 1 13.0 G
13360 216 37.5 T
13363 220 35.2 T
13366 1 16.0 G
13369 215 35.0 T
13373 218 35.7 T
13376 221 35.2 T
13385 193 35.8 T
13386 190 36.6 T
13392 186 37.6 T
13401 184 36.4 T
13403 182 35.5 T
13404 182 35.9 T
13412 180 37.4 T
13416 3 35.0 A
13421 173 34.0 T
13424 172 33.6 T
13433 157 31.3 T
13434 1 15.0 A
13436 2 16.0 C
13437 132 25.0 T
13439 129 29.2 T
13441 1 15.0 A
13443 126 31.0 T
13444 127 33.8 T
13450 126 34.7 T
13454 126 34.8 T
13460 119 37.5 T
13461 117 37.8 T
13464 1 35.0 C
13467 1 34.0 C
13469 120 37.5 T
13474 110 37.4 T
13475 111 37.1 T
13477 1 40.0 G
13484 105 36.1 T
13487 5 36.0 C
13488 100 36.5 T
13489 100 35.3 T
13490 100 36.3 T
13493 93 35.2 T
13495 1 15.0 A
13500 83 35.2 T
13501 83 35.6 T
13502 82 37.3 T
13504 79 36.7 T
13507 76 37.2 T
13520 77 37.3 T
13523 81 36.6 T
13538 89 36.7 T
13540 90 34.2 T
13543 86 36.0 T
13549 1 15.0 A
13555 94 35.7 T
13562 90 35.1 T
13564 87 34.3 T
13566 85 36.0 T
13568 86 35.5 T
13569 88 37.0 T
13572 87 35.7 T
13574 86 36.3 T
13577 85 37.0 T
13581 89 34.7 T
13585 91 34.3 T
13589 89 37.6 T
13600 89 35.7 T
13602 90 37.1 T
13603 1 15.0 A
13608 90 35.4 T
13613 95 37.3 T
13616 94 36.6 T
13619 93 36.6 T
13620 93 38.0 T
13622 93 37.2 T
13628 93 37.1 T
13635 94 37.1 T
13641 95 37.4 T
13645 96 32.1 T
13646 103 35.1 T
13647 2 37.5 C
13655 101 34.4 T
13656 100 35.9 T
13657 1 13.0 A
13659 100 33.6 T
13664 99 35.3 T
13665 99 36.6 T
13674 94 34.8 T
13685 91 33.7 T
13688 98 34.2 T
13697 98 33.8 T
13698 100 35.9 T
13699 1 15.0 A
13706 99 32.8 T
13707 1 15.0 G
13721 103 35.8 T
13723 101 33.4 T
13724 102 36.7 T
13728 1 38.0 A
13732 97 31.2 T
13733 98 33.5 T
13734 99 34.4 T
13736 99 33.3 T
13739 105 33.7 T
13740 106 35.5 T
13743 105 33.8 T
13751 96 34.4 T
13752 98 34.4 T
13753 106 34.9 T
13760 1 15.0 C
13761 1 14.0 A
13762 110 30.6 T
13764 1 14.0 C
13768 121 31.6 T
13769 122 31.6 T
13772 1 14.0 A
13774 1 16.0 A
13781 120 30.4 T
13787 116 31.4 T
13789 111 32.3 T
13793 121 34.8 T
13799 134 34.6 T
13808 144 34.2 T
13812 141 35.5 T
13813 1 16.0 G
13814 139 36.2 T
13818 138 35.4 T
13819 138 36.3 T
13820 140 36.9 T
13823 144 37.4 T
13825 1 16.0 G
13826 1 15.0 G
13827 1 16.0 A
13829 159 35.6 T
13830 164 35.7 T
13832 166 36.3 T
13841 180 35.9 T
13847 191 34.3 T
13851 1 16.0 C
13852 187 35.1 T
13856 181 36.4 T
13868 207 36.8 T
13869 222 36.9 T
13874 232 36.6 T
13876 1 13.0 A
13879 238 34.7 T
13886 263 35.7 T
13888 258 36.0 T
13891 1 16.0 A
13894 268 36.6 T
13895 263 36.7 T
13896 272 36.3 T
13897 272 37.1 T
13899 274 37.2 T
13900 277 37.3 T
13901 277 37.8 T
13903 272 36.1 T
13910 289 37.0 T
13913 291 37.5 T
13918 335 34.9 T
13919 344 35.6 T
13921 344 36.4 T
13926 344 37.4 T
13928 1 16.0 G
13931 338 36.3 T
13939 1 16.0 C
13941 1 14.0 C
13946 333 35.7 T
13951 335 37.4 T
13953 324 37.0 T
13955 337 37.0 T
13961 336 36.3 T
13962 332 37.3 T
13964 331 36.8 T
13965 331 37.6 T
13978 1 36.0 C
13979 323 37.3 T
13981 2 36.5 C
13985 297 36.6 T
13988 306 35.3 T
13991 300 35.5 T
13994 291 37.2 T
13997 1 16.0 A
14000 296 36.3 T
14005 291 37.0 T
14009 283 37.1 T
14018 261 35.3 T
14020 263 35.1 T
14021 258 35.6 T
14024 1 16.0 C
14025 255 35.4 T
14027 1 16.0 A
14033 256 35.7 T
14034 259 35.9 T
14035 253 37.3 T
14042 1 16.0 A
14046 1 16.0 A
14048 248 33.2 T
14050 241 33.7 T
14052 1 27.0 C
14054 1 16.0 C
14056 232 35.0 T
14057 1 15.0 C
14060 225 36.3 T
14063 221 36.1 T
14068 209 35.8 T
14074 1 14.0 C
14080 1 15.0 G
14084 183 36.6 T
14087 181 36.4 T
14088 182 37.2 T
14093 173 35.9 T
14094 171 36.0 T
14095 171 35.9 T
14098 168 35.5 T
14099 166 36.1 T
14102 165 34.6 T
14104 162 35.7 T
14106 159 37.6 T
14107 166 37.3 T
14108 171 37.7 T
14110 175 36.2 T
14111 174 36.5 T
14113 162 36.8 T
14114 171 37.0 T
14120 162 36.1 T
14121 1 27.0 C
14123 155 36.6 T
14126 156 37.4 T
14132 146 37.2 T
14135 136 36.6 T
14138 132 38.2 T
14141 133 37.1 T
14146 134 37.5 T
14151 138 37.5 T
14153 138 37.7 T
14154 136 37.9 T
14166 152 35.7 T
14168 154 36.0 T
14172 149 36.4 T
14173 148 37.4 T
14178 142 36.4 T
14180 140 36.8 T
14182 7 39.6 T
14197 142 37.4 T
14199 141 37.1 T
14200 142 37.1 T
14208 159 38.2 T
14212 145 37.1 T
14215 151 37.0 T
14218 148 37.5 T
14221 149 35.8 T
14231 133 36.7 T
14234 133 36.6 T
14237 133 36.6 T
14256 149 36.6 T
14261 141 34.5 T
14264 143 36.3 T
14271 171 35.5 T
14278 151 35.8 T
14285 163 34.4 T
14287 168 34.7 T
14290 175 34.8 T
14291 175 36.1 T
14294 170 36.8 T
14298 171 35.1 T
14299 169 35.6 T
14301 169 35.4 T
14302 177 36.2 T
14307 183 34.6 T
14308 184 35.6 T
14311 189 37.2 T
14316 200 35.9 T
14318 204 36.0 T
14319 206 35.9 T
14324 208 35.4 T
14325 209 35.7 T
14326 209 36.4 T
14330 1 16.0 A
14332 2 16.0 A
14338 1 15.0 C
14341 1 16.0 C
14345 235 35.7 T
14348 233 36.3 T
14351 227 34.6 T
14353 228 35.0 T
14354 227 34.7 T
14355 230 35.7 T
14370 1 15.0 A
14371 275 34.7 T
14372 1 15.0 C
14374 277 36.0 T
14378 272 33.9 T
14382 268 35.3 T
14386 265 34.8 T
14395 287 33.6 T
14398 1 15.0 A
14403 248 32.8 T
14408 1 13.0 A
14414 259 33.8 T
14416 1 16.0 A
14422 267 35.7 T
14424 1 14.0 A
14431 274 35.2 T
14432 1 16.0 G
14435 277 34.8 T
14441 282 35.5 T
14444 282 35.1 T
14446 1 16.0 C
14447 284 35.0 T
14451 299 36.2 T
14457 290 36.2 T
14460 1 27.0 C
14461 297 36.2 T
14463 285 37.3 T
14466 279 37.1 T
14468 285 36.6 T
14470 273 35.8 T
14474 1 15.0 A
14479 1 15.0 A
14484 272 36.8 T
14487 272 35.2 T
14488 264 35.7 T
14489 1 37.0 C
14494 260 36.9 T
14498 268 35.5 T
14502 282 35.7 T
14503 285 35.8 T
14512 278 36.8 T
14514 272 35.4 T
14515 275 35.3 T
14523 285 36.7 T
14525 288 36.5 T
14530 283 34.2 T
14536 1 40.0 A
14540 280 36.0 T
14541 277 36.4 T
14547 267 37.7 T
14549 1 15.0 A
14550 264 37.0 T
14561 1 15.0 A
14571 222 34.2 T
14577 205 36.4 T
14579 1 15.0 A
14581 199 36.6 T
14584 187 37.0 T
14594 168 37.6 T
14598 159 36.4 T
14608 1 15.0 C
14609 115 35.2 T
14610 116 37.3 T
14630 1 16.0 C
14634 70 36.8 T
14635 70 36.0 T
14638 62 37.2 T
14639 1 15.0 A
14649 45 36.5 T
14666 32 37.3 T
14670 26 38.7 T
14673 22 37.7 T
14674 19 39.1 T
14676 17 36.6 T
14677 16 36.9 T
14679 16 38.6 T
14689 13 37.8 T
14704 9 37.9 T
14707 9 37.8 T
14709 9 38.4 T
14719 8 39.6 T
14722 4 38.0 T
14723 4 38.0 T
14725 2 39.0 T
14727 2 39.5 T
14728 2 39.5 T
14729 2 37.0 T
14734 2 40.0 T
14748 7 39.1 T
14757 33 37.2 T
14766 33 36.8 C
14767 33 37.4 T
14775 33 38.8 T
14778 50 37.2 T
14783 50 36.0 T
14784 50 37.5 T
14787 50 37.0 T
14788 50 36.5 T
14795 50 38.3 T
14798 50 39.2 T
14799 50 38.4 T
14802 50 37.7 T
14808 50 37.3 T
14819 44 36.8 T
14826 19 37.8 T
14828 19 36.3 T
14834 19 37.5 T
14837 48 36.9 T
14840 1 15.0 A
14843 48 37.1 T
14844 47 38.5 T
14849 31 37.4 T
14853 32 34.9 T
14856 36 37.2 T
14857 36 36.4 T
14864 36 36.8 T
14868 37 38.0 T
14871 37 35.1 T
14874 40 36.4 T
14880 40 36.0 T
14892 72 36.5 T
14894 75 36.2 T
14895 75 37.1 T
14898 79 36.4 T
14904 54 37.5 T
14909 54 37.8 T
14912 56 35.5 T
14923 1 15.0 C
14924 59 34.5 T
14933 63 36.5 T
14934 64 36.6 T
14935 65 36.2 T
14936 65 37.1 T
14939 65 38.0 T
14943 72 36.5 T
14952 78 35.3 T
14956 7 36.9 T
14961 1 27.0 A
14964 61 37.6 T
14968 61 36.2 T
14969 61 36.8 T
14971 62 36.8 T
14975 65 36.8 T
14979 68 36.9 T
14982 68 35.7 T
14987 68 37.3 T
14991 70 36.2 T
14992 71 35.6 T
15001 73 36.8 T
15008 79 35.4 T
15012 82 36.6 T
15014 87 35.8 T
15015 88 36.3 T
15017 89 35.8 T
15018 89 36.9 T
15019 88 37.4 T
15021 91 38.1 T
15023 92 37.3 T
15027 98 37.1 T
15029 101 36.9 T
15030 103 37.0 T
15033 105 37.5 T
15039 108 36.6 T
15046 1 40.0 A
15051 107 36.5 T
15053 106 36.7 T
15055 105 35.9 T
15056 105 37.2 T
15062 103 36.9 T
15065 104 37.4 T
15066 104 37.8 T
15067 105 38.1 T
15069 108 37.2 T
15071 107 37.9 T
15074 114 36.1 T
15083 117 37.1 T
15090 114 37.3 T
15096 110 37.2 T
15097 106 37.8 T
15099 107 37.3 T
15102 111 36.1 T
15105 108 37.6 T
15108 108 37.6 T
15109 106 38.2 T
15115 102 36.5 T
15117 100 37.3 T
15128 102 36.9 T
15129 101 37.6 T
15132 99 37.3 T
15137 98 36.9 T
15139 95 36.9 T
15141 93 37.7 T
15144 88 37.1 T
15149 85 37.7 T
15159 85 36.2 T
15161 85 36.6 T
15164 82 36.9 T
15165 82 37.5 T
15167 76 37.6 T
15168 1 15.0 G
15180 65 37.1 T
15183 61 34.3 T
15184 64 36.2 T
15191 48 35.7 T
15192 50 37.4 T
15195 51 38.0 T
15197 49 36.7 T
15204 44 36.3 T
15209 42 37.0 T
15213 39 38.1 T
15214 42 36.5 T
15225 41 37.3 T
15228 47 35.3 T
15229 49 36.6 T
15233 46 36.5 T
15237 52 35.5 T
15239 51 34.6 T
15248 53 34.8 T
15251 54 35.1 T
15255 54 36.9 T
15262 57 34.7 T
15270 62 35.8 T
15278 75 31.2 T
15279 79 33.4 T
15281 84 33.7 T
15282 81 32.7 T
15283 81 33.8 T
15287 87 33.0 T
15288 88 33.1 T
15289 87 34.8 T
15293 98 34.8 T
15294 102 34.8 T
15297 109 35.4 T
15299 112 35.2 T
15300 112 35.6 T
15305 117 36.5 T
15306 120 36.2 T
15309 124 36.2 T
15310 128 36.6 T
15312 129 37.0 T
15313 129 36.6 T
15314 1 16.0 G
15321 138 36.3 T
15330 157 36.2 T
15336 163 33.8 T
15339 158 37.0 T
15341 164 35.6 T
15342 165 35.4 T
15344 179 35.4 T
15345 182 35.6 T
15346 1 16.0 G
15347 1 39.0 C
15348 1 16.0 A
15353 1 39.0 A
15359 240 33.1 T
15372 277 36.0 T
15378 308 35.4 T
15380 2 16.0 A
15383 323 34.5 T
15388 336 36.6 T
15389 336 35.7 T
15394 359 34.7 T
15399 389 34.8 T
15404 458 34.3 T
15405 467 34.9 T
15407 2 16.0 C
15412 514 35.4 T
15413 521 35.5 T
15416 538 36.3 T
15420 1 40.0 C
15423 608 36.0 T
15435 722 35.2 T
15436 2 27.0 C
15438 1 27.0 G
15440 823 32.9 T
15441 827 33.8 T
15444 858 34.4 T
15445 861 35.1 T
15447 871 33.3 T
15449 907 34.1 T
15450 915 34.9 T
15453 932 35.4 T
15454 939 35.5 T
15456 975 35.0 T
15458 1039 35.9 T
15461 1116 36.7 T
15462 1141 37.3 T
15464 1 16.0 A
15465 1301 36.2 T
15468 2 15.5 C
15470 1377 36.1 T
15471 1391 36.0 T
15472 1 40.0 A
15473 1 15.0 A
15475 1 39.0 A
15477 1469 36.7 T
15479 1526 36.7 T
15480 1538 36.9 T
15482 1594 36.0 T
15484 2 15.5 A
15490 1 16.0 C
15491 1 38.0 C
15492 1872 36.2 T
15495 1975 37.0 T
15496 1 16.0 A
15497 3 19.3 G
15499 1 39.0 C
15500 1 15.0 G
15503 3 18.3 C
15504 1 31.0 C
15505 2 16.0 A
15507 1 16.0 A
15509 1 16.0 A
15510 1 16.0 A
15511 2322 35.7 T
15512 2343 36.5 T
15513 1 34.0 A
15514 2377 36.6 T
15517 3 15.7 C
15518 2 16.0 C
15519 2524 36.8 T
15521 1 16.0 G
15522 1 16.0 C
15523 1 14.0 C
15524 1 16.0 A
15525 1 16.0 A
15526 2 15.5 C
15530 2833 35.6 T
15531 2886 36.2 T
15533 3 15.3 A
15534 1 15.0 A
15535 1 16.0 C
15536 2 13.5 A
15537 1 38.0 C
15538 4 15.5 C
15539 2 14.0 C
15541 2963 34.5 T
15544 1 16.0 C
15546 1 15.0 A
15548 2 27.0 A
15549 3246 36.5 T
15551 3 16.0 A
15552 3 16.0 A
15555 1 16.0 C
15556 3 23.3 C
15557 1 15.0 G
15558 2 26.5 A
15560 3715 36.7 T
15561 2 14.0 G
15563 3805 36.7 T
15564 2 27.5 A
15565 3845 36.4 T
15566 3858 36.7 T
15567 3884 37.0 T
15568 2 15.5 C
15569 1 31.0 C
15570 4027 37.1 T
15571 1 15.0 A
15572 4134 37.0 T
15573 4151 37.5 T
15574 4 37.7 C
15575 3 15.7 G
15576 7 36.7 C
15577 1 15.0 C
15578 4397 35.9 T
15579 1 27.0 A
15580 1 16.0 C
15582 1 16.0 C
15583 5 27.4 A
15584 1 16.0 A
15585 4568 36.1 T
15586 4601 36.9 T
15588 4663 36.1 T
15589 1 27.0 C
15590 5 25.2 C
15591 1 16.0 G
15592 2 16.0 A
15593 4846 36.0 T
15594 1 39.0 C
15595 2 24.0 C
15597 5025 36.7 T
15599 3 20.7 C
15600 1 14.0 C
15601 5079 36.1 T
15603 2 27.0 A
15606 1 16.0 A
15607 4 19.7 A
15609 5334 37.3 T
15610 2 27.0 A
15611 1 27.0 G
15612 2 15.5 G
15613 1 27.0 A
15614 5 30.4 G
15615 1 16.0 G
15616 6 34.5 C
15617 3 15.0 G
15618 5578 36.1 T
15619 1 40.0 C
15620 1 15.0 C
15621 5719 37.1 T
15622 5728 37.6 T
15623 7 15.0 G
15624 9 38.6 C
15625 2 16.0 C
15626 1 16.0 C
15627 5809 37.6 T
15629 5819 36.3 T
15630 5822 36.7 T
15631 3 15.7 A
15633 5878 36.6 T
15634 2 15.5 A
15635 5853 35.7 T
15636 1 37.0 C
15637 1 16.0 C
15638 2 26.0 A
15639 5906 36.0 T
15640 25 37.6 C
15641 2 28.0 C
15642 5908 35.7 T
15644 1 14.0 A
15645 5947 36.4 T
15646 1 16.0 C
15648 5933 37.5 T
15650 2 15.5 G
15651 1 35.0 C
15652 2 16.0 A
15654 5875 37.1 T
15656 1 16.0 A
15657 5739 36.9 T
15659 4 16.0 C
15660 1 16.0 C
15661 3 27.3 C
15662 2 15.5 A
15663 5642 37.0 T
15665 1 16.0 C
15666 5594 35.9 T
15669 4 18.5 A
15670 5553 36.9 T
15672 5524 36.6 T
15674 5466 36.3 T
15676 2 15.0 C
15677 3 16.0 A
15678 3 15.7 A
15679 4 26.2 A
15680 7 33.7 C
15681 1 16.0 A
15682 1 16.0 A
15683 3 31.7 C
15685 3 15.3 A
15686 3 15.3 A
15687 1 36.0 G
15688 1 15.0 C
15689 1 34.0 A
15690 5031 37.3 T
15691 1 15.0 A
15692 2 27.5 A
15693 4914 37.0 T
15695 4835 37.4 T
15696 4817 37.4 T
15697 4771 37.7 T
15699 1 16.0 G
15700 6 35.2 C
15701 1 15.0 C
15703 2 26.5 A
15704 1 39.0 C
15705 4573 37.5 T
15706 1 40.0 A
15707 1 16.0 A
15708 3 14.7 G
15710 1 39.0 C
15711 2 16.0 A
15712 1 37.0 A
15713 4351 36.3 T
15716 1 16.0 C
15717 4052 36.8 T
15718 4000 37.1 T
15719 3930 37.7 T
15720 1 13.0 A
15721 3851 37.8 T
15722 3822 37.7 T
15723 6 14.7 G
15726 3588 36.1 T
15727 1 14.0 C
15729 3519 37.0 T
15732 1 35.0 C
15736 1 27.0 A
15737 1 14.0 G
15738 1 14.0 A
15739 1 40.0 C
15741 3106 36.2 T
15743 2 27.5 C
15744 2962 36.2 T
15746 1 14.0 A
15747 2851 36.4 T
15748 2821 36.8 T
15750 2714 36.0 T
15751 2 24.5 A
15753 1 16.0 C
15755 2526 37.5 T
15756 1 14.0 G
15759 2388 37.0 T
15761 1 40.0 G
15762 1 16.0 G
15763 1 39.0 A
15764 1 13.0 G
15765 1 15.0 G
15766 1 15.0 A
15767 1 27.0 C
15768 1 16.0 A
15770 3 23.3 C
15774 1806 38.2 T
15778 1 16.0 C
15779 1575 36.6 T
15784 1379 36.9 T
15785 1358 36.9 T
15786 1327 37.1 T
15787 1290 37.6 T
15788 2 28.0 A
15790 1 39.0 C
15791 1 16.0 A
15792 1130 37.2 T
15793 1 22.0 C
15795 1075 37.4 T
15796 1050 37.6 T
15797 3 14.7 G
15802 1 16.0 A
15804 778 38.0 T
15809 671 37.0 T
15813 608 36.7 T
15816 569 36.8 T
15818 539 35.9 T
15821 519 35.4 T
15822 508 36.6 T
15826 1 13.0 A
15831 363 34.6 T
15834 309 36.5 T
15837 281 35.3 T
15840 237 36.9 T
15843 216 36.5 T
15850 182 37.2 T
15852 178 36.2 T
15854 170 35.4 T
15858 144 36.1 T
15861 115 36.5 T
15862 110 36.7 T
15873 70 34.4 T
15876 65 34.5 T
15881 55 36.6 T
15887 26 34.8 T
15889 4 39.2 T
15892 4 38.2 T
15893 4 35.0 T
15895 4 37.0 T
15898 4 35.5 T
15900 4 30.5 T
15905 3 27.0 T
15908 1 40.0 T
15956 5 31.2 T
15968 5 38.6 T
15970 5 36.0 T
15971 5 37.6 T
15972 5 39.0 T
15976 5 35.2 T
15983 5 37.8 T
15984 5 39.6 T
15997 5 39.0 T
16002 5 39.4 T
16003 5 37.8 T
16005 5 39.6 T
16008 5 38.6 T
16009 5 39.4 T
16010 5 38.6 T
16015 5 39.6 T
16017 5 39.2 T
16018 5 39.0 T
16020 5 38.8 T
16022 5 38.8 T
16157 1 37.0 T
16161 1 14.0 T
16172 1 39.0 T
16178 1 15.0 T
16192 1 31.0 C
16195 1 34.0 T
16198 2 37.0 T
16199 2 37.0 T
16209 2 39.5 T
16217 2 35.5 T
16224 2 26.0 T
16229 3 35.7 T
16231 3 34.3 T
16238 5 35.8 T
16243 5 34.0 T
16249 7 31.0 T
16263 6 30.0 T
16270 6 36.8 C
16271 6 37.8 T
16273 1 16.0 G
16276 9 37.4 T
16288 12 35.7 T
16297 11 37.5 T
16298 11 36.5 T
16304 16 36.2 T
16308 16 36.9 T
16311 16 35.8 T
16315 18 35.7 T
16320 1 39.0 C
16323 19 34.1 T
16324 19 32.5 T
16325 19 34.7 T
16330 16 35.2 T
16334 18 35.9 T
16341 18 36.5 T
16342 17 36.9 T
16347 16 35.7 T
16352 16 34.3 T
16356 18 37.1 T
16357 18 34.6 T
16359 18 35.2 T
16362 18 36.0 T
16368 24 35.5 T
16372 24 36.8 T
16381 26 33.1 T
16386 23 33.8 T
16392 23 37.2 T
16396 23 34.3 T
16397 23 34.9 T
16406 21 31.6 T
16409 21 33.0 T
16413 20 33.7 T
16418 19 35.8 T
16422 20 34.7 T
16424 20 31.7 T
16437 24 36.4 T
16440 26 36.9 T
16443 26 37.5 T
16445 26 34.0 T
16448 26 35.5 T
16452 26 36.5 T
16462 25 35.7 T
16468 18 36.0 T
16469 18 36.8 T
16475 18 37.6 T
16479 15 39.0 T
16484 16 37.1 T
16489 17 37.5 T
16491 17 38.4 T
16493 17 36.2 T
16500 17 34.0 T
16502 17 37.7 T
16505 13 38.6 T
16506 13 36.7 T
16509 13 39.3 T
16512 13 36.2 T
16513 13 36.2 T
16519 12 37.0 T
16522 12 38.2 T
16529 8 37.7 T
16533 6 36.8 T
16544 4 38.2 T
16545 4 35.7 T
16550 4 39.5 T
16551 4 35.5 T
16555 4 35.5 T
16562 1 40.0 T
16568 1 39.0 T
