1 1 40.0 G
8 1 40.0 G
9 1 40.0 G
34 1 40.0 G
35 1 40.0 G
36 1 40.0 G
38 1 40.0 G
47 1 40.0 G
53 1 40.0 G
54 1 40.0 G
62 1 40.0 G
66 1 40.0 G
67 1 40.0 G
68 1 40.0 G
69 1 40.0 G
70 1 40.0 G
71 1 40.0 G
73 1 40.0 A
75 1 40.0 G
79 1 40.0 G
81 1 40.0 G
85 1 40.0 G
90 27 35.7 G
92 27 38.5 G
94 27 38.6 G
97 27 38.5 G
100 27 36.5 G
101 31 36.4 G
103 31 38.0 G
106 31 38.5 G
107 31 37.6 G
109 31 38.7 G
118 33 37.7 G
121 33 37.6 G
124 33 36.8 G
130 33 38.3 G
136 37 38.5 G
143 37 38.2 G
163 18 34.8 G
171 20 37.4 G
184 27 36.2 G
185 27 37.3 G
187 29 35.0 G
203 38 34.8 G
205 42 36.4 G
207 42 37.5 G
221 45 36.5 G
225 48 38.0 G
228 48 37.3 G
229 48 36.7 G
247 48 36.8 G
251 48 37.6 G
255 45 37.5 G
260 46 37.6 G
263 45 37.4 A
275 42 35.7 G
293 1 16.0 T
304 1 15.0 C
316 12 24.0 G
322 14 27.5 G
323 14 30.9 G
328 1 14.0 A
329 13 33.0 G
347 71 37.1 G
366 73 36.4 G
376 1 15.0 A
380 76 36.3 G
389 79 36.3 G
409 24 35.0 G
410 25 33.6 G
412 26 35.0 G
413 24 37.6 G
417 20 37.9 G
429 21 38.0 G
443 1 16.0 A
466 1 14.0 T
499 3 29.0 G
513 2 21.5 G
652 89 37.8 G
653 89 37.4 G
657 89 37.2 G
658 89 37.3 G
664 89 38.6 G
676 89 36.8 G
683 95 37.5 G
687 95 35.5 G
697 95 36.5 G
701 95 35.9 G
709 95 36.7 G
711 1 15.0 T
715 95 35.6 G
717 8 31.9 G
719 6 35.2 G
740 7 33.9 G
748 7 33.6 G
749 7 33.4 G
750 4 34.7 A
755 4 31.2 G
762 8 37.4 G
766 10 35.7 G
769 10 32.1 G
774 12 34.6 G
777 10 38.5 G
786 12 37.5 G
791 15 38.1 G
796 16 36.7 G
809 20 37.1 G
810 20 37.3 G
811 20 37.0 G
817 21 36.7 G
820 22 37.5 G
822 24 37.7 G
834 28 36.7 G
843 29 35.8 G
847 31 36.2 G
857 39 36.6 G
872 43 36.5 G
873 43 35.6 G
874 42 36.7 G
877 44 35.0 G
878 44 37.2 G
887 47 37.2 G
889 46 36.3 G
893 49 36.4 G
899 61 36.2 G
901 63 37.2 G
902 63 37.2 G
909 61 36.5 G
920 59 37.1 G
927 59 37.6 G
930 51 37.0 G
933 66 37.3 G
934 66 37.9 G
936 71 37.7 G
941 76 36.7 G
943 77 37.5 G
945 82 37.6 G
947 1 16.0 T
951 81 37.1 G
972 117 36.8 G
986 119 37.1 G
988 124 37.2 G
990 1 16.0 T
991 124 36.9 G
997 1 16.0 A
1004 174 37.2 G
1006 1 16.0 T
1007 180 36.5 G
1018 194 36.8 G
1024 200 37.0 G
1028 198 35.8 G
1030 197 35.7 G
1031 193 35.9 G
1045 184 36.4 G
1057 184 35.4 G
1062 183 34.6 G
1072 107 36.7 G
1073 110 37.2 G
1074 111 36.7 G
1079 111 35.8 G
1092 112 35.6 G
1095 1 16.0 T
1097 122 35.7 G
1112 1 40.0 A
1113 115 37.1 G
1130 112 35.6 G
1134 108 36.4 G
1138 105 35.4 G
1147 100 36.4 G
1149 99 35.5 G
1155 92 35.9 G
1169 83 34.4 G
1170 83 34.8 G
1171 2 37.0 A
1175 83 33.3 G
1176 92 34.5 G
1178 98 34.1 G
1179 106 35.1 G
1181 100 34.7 G
1197 93 35.6 G
1199 95 36.8 G
1200 95 37.1 G
1202 101 36.9 G
1206 112 36.7 G
1211 113 37.5 G
1217 115 37.4 G
1227 169 37.3 G
1234 1 15.0 C
1247 248 37.0 G
1252 264 37.8 G
1254 1 14.0 C
1263 312 36.5 G
1273 331 37.1 G
1282 329 36.9 G
1285 328 36.3 G
1288 331 35.2 G
1289 334 36.1 G
1294 1 15.0 A
1297 338 37.1 G
1301 343 36.6 G
1303 339 36.6 G
1307 343 36.4 G
1315 341 37.0 G
1320 332 36.6 G
1323 328 36.9 G
1326 6 31.0 A
1327 297 36.3 G
1328 295 37.3 G
1333 305 36.7 G
1334 301 37.2 G
1336 309 36.2 G
1339 321 36.1 G
1345 290 36.5 G
1346 1 31.0 A
1347 282 36.3 G
1348 286 36.8 G
1350 280 36.4 G
1351 286 37.2 G
1355 275 36.4 G
1360 255 36.5 G
1361 258 36.5 G
1362 256 36.7 G
1364 1 14.0 T
1376 1 16.0 C
1380 216 37.0 G
1389 198 37.8 G
1393 193 36.7 G
1401 177 36.9 G
1403 1 16.0 A
1404 1 16.0 A
1409 2 36.0 A
1410 152 36.3 G
1411 150 36.9 G
1412 148 37.0 G
1415 142 37.1 G
1418 134 35.5 G
1419 131 36.3 G
1421 129 36.7 G
1422 129 36.9 G
1428 120 37.6 G
1431 115 37.6 G
1438 81 38.2 A
1440 84 37.3 G
1442 85 37.3 G
1445 85 37.3 G
1447 81 36.8 G
1449 75 36.8 G
1454 64 38.2 G
1457 61 38.0 G
1462 52 37.3 G
1463 51 36.1 G
1464 50 35.9 G
1469 44 37.7 G
1472 43 37.6 G
1474 45 36.3 G
1476 44 38.5 G
1485 34 35.1 G
1489 30 38.4 G
1491 1 15.0 C
1503 13 38.8 G
1515 13 37.8 G
1516 13 38.0 G
1538 6 38.7 G
1549 3 38.7 G
1551 3 31.0 G
1552 3 38.0 G
1554 3 30.7 G
1559 3 37.3 G
1562 3 37.3 G
1569 2 27.5 G
1570 2 37.0 G
1604 21 37.7 G
1606 21 37.1 G
1608 21 37.1 G
1611 21 37.2 G
1623 21 36.6 G
1641 21 36.6 G
1642 21 36.8 G
1644 21 35.6 G
1660 22 35.7 G
1664 22 36.3 G
1669 22 27.9 G
1671 181 38.2 G
1681 181 38.1 G
1709 185 37.4 G
1719 185 37.5 G
1742 12 33.5 G
1747 11 37.1 G
1748 11 33.4 G
1750 13 35.3 G
1754 27 36.5 G
1760 22 37.2 G
1767 23 37.5 G
1768 23 37.9 G
1770 30 37.0 G
1776 39 36.7 G
1782 45 37.2 G
1787 47 35.3 G
1791 47 37.0 G
1792 48 37.4 G
1793 48 37.3 G
1795 1 40.0 A
1797 53 36.5 G
1800 54 37.0 G
1811 1 27.0 A
1816 81 36.2 G
1826 124 36.7 G
1830 134 36.8 G
1831 134 37.2 G
1847 1 15.0 T
1851 178 37.1 G
1858 198 37.1 G
1860 1 16.0 A
1868 295 37.4 G
1872 1 16.0 T
1873 1 40.0 A
1879 313 37.3 G
1881 1 40.0 A
1883 327 37.4 G
1884 333 36.7 G
1886 345 36.6 G
1888 335 36.4 G
1892 1 16.0 A
1894 358 37.0 G
1897 1 16.0 A
1898 6 37.5 A
1899 380 36.4 G
1900 1 16.0 A
1906 389 36.5 G
1913 416 36.6 G
1916 429 36.3 G
1917 1 15.0 A
1918 433 35.9 G
1927 457 35.8 G
1932 406 37.4 G
1939 432 36.8 G
1941 441 36.9 G
1947 2 31.0 C
1949 478 37.0 G
1955 510 37.2 G
1958 520 37.1 G
1962 1 16.0 A
1966 559 37.4 G
1968 573 36.5 G
1969 576 36.8 G
1970 583 36.6 G
1973 596 37.0 G
1981 642 37.3 G
1982 646 37.4 G
1985 663 36.8 G
1987 657 36.8 G
1988 662 37.2 G
1990 690 36.6 G
1991 1 34.0 A
1992 1 27.0 C
1993 1 14.0 A
2001 2 14.5 C
2002 716 37.0 G
2004 719 36.6 G
2008 738 37.1 G
2009 741 37.5 G
2011 740 36.3 G
2015 723 36.7 G
2018 715 35.1 G
2019 714 36.3 G
2020 1 15.0 T
2022 711 37.4 G
2026 2 26.5 A
2028 712 36.6 G
2032 769 37.1 G
2040 747 37.8 G
2043 1 35.0 C
2044 1 39.0 A
2056 720 36.4 G
2063 747 36.5 G
2064 1 16.0 A
2073 1 16.0 A
2074 1 16.0 A
2082 669 36.9 G
2086 1 15.0 A
2090 1 36.0 A
2094 640 36.9 G
2098 613 36.6 G
2103 1 40.0 A
2105 618 36.8 G
2106 1 16.0 A
2107 616 37.1 G
2108 616 36.8 G
2112 1 40.0 A
2113 615 37.5 G
2116 1 27.0 C
2120 613 37.0 G
2121 611 37.0 G
2128 618 37.3 G
2129 615 37.4 G
2132 1 15.0 A
2140 623 37.3 G
2142 1 16.0 A
2143 640 37.1 G
2145 621 36.8 G
2147 617 36.9 G
2149 627 37.3 G
2153 1 27.0 A
2158 1 16.0 T
2164 1 16.0 C
2170 698 36.9 G
2173 694 36.3 G
2174 684 36.1 G
2176 1 14.0 C
2180 1 16.0 A
2182 711 36.6 G
2185 721 37.3 G
2194 1 15.0 T
2197 702 37.1 G
2201 668 37.2 G
2203 696 37.6 G
2207 1 15.0 A
2209 689 37.2 G
2222 1 13.0 T
2226 1 13.0 T
2227 1 16.0 A
2231 2 16.0 A
2249 766 36.9 G
2258 2 23.0 A
2265 1 16.0 A
2268 724 36.2 G
2269 715 36.8 G
2274 1 16.0 A
2280 1 16.0 C
2289 709 37.3 G
2292 725 36.6 G
2300 732 37.2 G
2304 707 37.6 G
2310 706 36.6 G
2312 1 16.0 A
2317 705 37.2 G
2333 661 36.5 G
2339 627 35.8 G
2343 599 35.5 G
2344 2 36.5 C
2345 587 36.0 G
2349 557 37.0 G
2355 1 16.0 A
2361 505 36.1 G
2366 477 36.9 G
2367 1 16.0 A
2377 445 37.0 G
2390 1 14.0 A
2391 1 16.0 A
2397 1 39.0 C
2403 324 36.4 G
2408 1 15.0 T
2412 1 27.0 A
2421 259 36.4 G
2435 220 36.4 G
2436 215 35.4 G
2440 206 36.1 G
2448 196 36.4 G
2449 195 36.2 G
2451 1 36.0 A
2453 189 36.0 G
2454 188 36.7 G
2455 1 15.0 T
2463 1 40.0 A
2464 185 36.7 G
2470 173 36.7 G
2471 172 36.1 G
2477 140 36.8 G
2478 139 35.6 G
2492 137 35.9 G
2496 132 37.5 G
2519 105 36.3 G
2528 108 37.5 G
2534 107 35.7 G
2536 105 35.1 G
2537 105 34.9 G
2542 98 36.4 G
2546 101 36.6 G
2551 105 37.6 G
2553 101 36.0 G
2560 93 37.0 G
2567 100 37.0 G
2568 100 36.4 G
2571 101 35.6 G
2573 102 35.9 G
2574 103 36.4 G
2585 103 37.2 G
2587 105 36.7 G
2592 111 36.7 G
2593 118 36.4 G
2596 117 36.3 G
2606 1 15.0 T
2608 141 36.1 G
2617 53 36.6 A
2620 206 37.1 G
2621 211 36.5 G
2622 213 36.6 G
2627 219 37.0 G
2631 236 37.0 G
2635 253 36.1 G
2636 253 36.4 G
2643 254 36.8 G
2645 268 36.2 G
2646 270 36.5 G
2647 268 36.8 G
2650 1 13.0 C
2652 269 37.6 G
2655 274 37.6 G
2666 1 16.0 T
2673 295 37.6 G
2675 307 36.0 G
2681 319 35.5 G
2686 318 35.6 G
2690 316 37.0 G
2692 321 35.5 G
2695 333 35.8 G
2697 325 35.8 G
2698 323 36.1 G
2700 335 35.4 G
2701 319 36.1 G
2702 314 35.0 G
2706 275 33.6 A
2707 1 16.0 A
2712 310 34.1 G
2716 274 34.4 G
2719 290 35.1 G
2721 301 34.5 G
2724 314 34.2 G
2732 513 36.0 G
2733 511 36.8 G
2734 2 26.0 A
2735 521 35.3 G
2746 1 16.0 T
2750 1 27.0 T
2751 570 35.6 G
2753 1 15.0 A
2757 536 36.5 A
2758 572 36.4 G
2760 1 16.0 A
2764 1 40.0 A
2769 2 23.0 A
2776 607 35.8 G
2777 598 35.7 G
2786 1 15.0 T
2791 1 15.0 A
2793 1 39.0 C
2796 621 36.3 G
2806 2 15.0 T
2809 1 37.0 C
2810 508 34.5 G
2811 507 34.9 G
2814 533 35.3 G
2815 535 35.8 G
2816 532 35.0 G
2817 527 35.2 G
2819 556 34.9 G
2825 580 36.4 G
2826 599 36.9 G
2827 1 13.0 A
2828 598 35.5 G
2830 2 13.5 A
2831 608 36.8 G
2844 596 37.2 G
2845 1 39.0 A
2846 601 36.3 G
2849 612 37.5 G
2855 609 36.0 G
2857 1 14.0 T
2860 628 36.5 G
2863 1 15.0 T
2870 660 37.0 G
2872 1 16.0 C
2874 1 13.0 A
2876 707 36.0 G
2878 697 36.5 G
2879 1 14.0 A
2881 1 14.0 C
2892 1 31.0 A
2893 1 40.0 A
2896 808 36.4 G
2899 1 16.0 C
2909 852 35.9 G
2911 1 15.0 C
2913 1 30.0 A
2915 1 30.0 C
2916 871 36.7 G
2917 859 36.5 G
2923 853 36.6 G
2926 1 16.0 A
2927 1 16.0 C
2932 920 36.9 G
2933 924 36.9 G
2934 928 37.0 G
2937 1 27.0 A
2940 1 15.0 A
2941 994 37.2 G
2943 990 36.5 G
2947 1 14.0 T
2950 1 14.0 T
2953 1 37.0 T
2957 1059 35.6 G
2959 1067 36.6 G
2963 2 15.0 A
2969 1 30.0 A
2971 2 15.0 A
2975 1095 36.6 G
2976 1080 36.6 G
2977 1082 36.8 G
2983 1100 37.1 G
2989 1095 36.8 G
2992 1103 37.0 G
2995 1113 36.1 G
2996 1108 36.7 G
2998 1 16.0 T
3001 1075 36.8 G
3002 1072 36.8 G
3006 1 27.0 T
3010 1065 36.7 G
3012 1 14.0 T
3013 1073 36.1 G
3014 1065 36.5 G
3015 1 16.0 T
3016 1031 35.8 G
3019 1027 36.9 G
3021 3 18.3 C
3022 1027 36.5 G
3024 2 14.0 T
3025 1 13.0 A
3029 1 15.0 A
3030 1 37.0 A
3031 975 36.7 G
3032 967 36.8 G
3036 918 37.4 G
3038 1 16.0 T
3040 907 37.6 G
3047 860 37.3 G
3054 798 36.9 G
3061 735 37.8 G
3063 708 35.9 G
3065 1 14.0 T
3066 1 40.0 C
3068 672 37.2 G
3070 647 37.0 G
3071 2 39.0 T
3075 609 36.9 G
3078 1 39.0 C
3079 573 37.2 G
3080 563 36.8 G
3081 1 40.0 A
3082 534 36.4 G
3084 1 16.0 A
3089 1 14.0 A
3090 449 36.9 G
3091 435 37.2 G
3094 418 37.2 G
3095 418 37.4 G
3123 197 36.8 G
3127 168 38.1 G
3131 156 35.6 G
3132 152 36.1 G
3133 1 39.0 A
3137 130 37.5 G
3139 120 36.3 G
3143 1 16.0 T
3146 91 34.9 G
3147 84 36.6 G
3161 52 37.3 G
3163 47 36.0 G
3173 38 38.4 G
3179 32 37.3 G
3182 1 16.0 A
3196 15 36.3 G
3219 5 38.8 G
3224 4 33.0 G
3225 4 36.5 G
3226 4 33.5 G
3277 1 39.0 G
3281 1 36.0 G
3283 1 37.0 G
3284 1 39.0 G
3315 25 36.4 G
3316 25 36.7 G
3337 28 34.9 G
3352 33 34.2 G
3357 33 34.6 G
3358 33 35.8 G
3369 36 33.9 G
3376 21 36.3 G
3380 26 37.3 G
3391 24 38.5 G
3392 24 36.0 G
3407 26 36.3 G
3412 28 36.7 G
3413 28 38.0 G
3421 26 37.3 G
3424 26 36.8 G
3427 26 36.6 G
3428 26 35.8 G
3436 48 35.8 G
3437 48 36.3 G
3438 48 35.0 G
3454 51 36.3 G
3457 52 35.3 G
3460 56 36.5 G
3481 58 36.1 G
3483 60 37.0 G
3496 61 34.5 G
3526 45 35.6 G
3531 49 34.1 G
3536 1 16.0 T
3538 52 35.1 G
3550 58 34.4 G
3563 53 36.1 G
3591 68 31.9 G
3592 68 33.2 G
3599 1 14.0 T
3607 76 34.1 G
3608 76 35.2 G
3625 84 34.3 G
3635 80 35.2 G
3640 84 36.1 G
3643 86 36.6 G
3659 86 35.6 G
3664 82 35.8 G
3665 82 34.5 G
3666 82 35.7 G
3668 81 36.1 G
3670 84 35.9 G
3688 96 35.1 G
3690 1 14.0 C
3693 88 35.4 G
3697 95 35.9 G
3698 95 35.6 G
3700 137 36.0 G
3705 142 35.5 G
3707 146 37.3 G
3709 151 36.6 G
3712 150 38.3 G
3715 148 37.0 G
3733 161 37.0 G
3735 1 16.0 A
3736 157 36.8 G
3745 167 35.9 G
3771 1 16.0 A
3776 231 34.9 G
3778 235 35.3 G
3779 242 35.5 G
3780 1 38.0 C
3793 1 34.0 T
3796 1 14.0 A
3809 1 16.0 C
3810 1 40.0 A
3811 1 16.0 C
3814 491 36.1 G
3824 623 36.6 G
3834 721 35.8 G
3837 1 40.0 A
3842 862 35.4 G
3845 1 15.0 C
3848 1 16.0 T
3849 954 34.9 G
3850 972 35.4 G
3852 1 14.0 C
3859 1 16.0 T
3860 1061 36.8 G
3861 1 16.0 A
3869 1 16.0 C
3877 1417 35.9 G
3878 1 16.0 C
3879 1 39.0 A
3880 1449 36.2 G
3882 1458 35.9 G
3883 1 16.0 A
3887 1 38.0 A
3890 1661 35.6 G
3892 1 35.0 A
3893 1 13.0 C
3895 2 13.5 C
3896 1 14.0 C
3898 1 13.0 T
3901 1863 36.0 G
3907 1941 35.1 G
3908 1 36.0 C
3909 1 14.0 C
3910 2038 36.1 G
3911 1 14.0 A
3912 1 27.0 A
3913 2112 34.2 G
3914 2109 33.1 G
3915 2114 34.3 G
3916 2137 35.0 G
3917 8 31.0 A
3918 2085 34.9 G
3922 2138 36.7 G
3923 3 13.7 A
3924 1 14.0 A
3928 2137 36.1 G
3929 1 13.0 T
3930 1 16.0 C
3933 1 16.0 A
3934 2090 36.4 G
3935 2080 36.1 G
3937 1 13.0 T
3940 1 34.0 A
3941 2 16.0 A
3946 2174 34.9 G
3952 2230 36.4 G
3955 2346 35.5 G
3957 1 34.0 A
3958 2468 34.6 G
3959 2465 34.6 G
3961 1 14.0 C
3964 2 14.0 T
3966 1 14.0 C
3967 2572 35.8 G
3969 3 34.3 C
3970 1 34.0 C
3974 1 16.0 T
3976 1 16.0 T
3977 1 16.0 T
3978 2 21.5 C
3982 2782 36.1 G
3985 2839 36.2 G
3986 2 14.0 A
3987 2 20.5 A
3990 2 16.0 C
3993 2 13.5 A
3994 1 16.0 A
3995 1 39.0 A
3996 1 27.0 C
3997 3 22.0 A
4000 3 23.7 A
4003 2 16.0 A
4004 2 21.5 T
4006 1 14.0 A
4007 1 39.0 T
4008 1 40.0 A
4009 4 21.5 A
4012 1 15.0 A
4015 3 14.0 C
4017 1 16.0 C
4018 1 14.0 A
4021 1 15.0 A
4023 1 35.0 T
4025 1 16.0 C
4026 2 15.0 A
4028 2 16.0 T
4030 1 16.0 T
4031 1 27.0 T
4032 1 38.0 C
4034 1 15.0 T
4035 1 31.0 A
4036 3462 36.7 G
4037 3452 36.3 G
4038 1 16.0 A
4039 4 16.0 A
4041 2 26.5 A
4044 1 14.0 A
4045 1 16.0 T
4047 1 16.0 T
4048 3420 36.5 G
4051 3344 35.8 G
4053 4 17.0 A
4055 2 14.0 T
4056 1 13.0 C
4057 3 14.3 T
4061 2 27.0 C
4062 1 14.0 T
4063 3140 36.4 G
4064 2 16.0 A
4065 1 16.0 A
4066 1 27.0 C
4067 2 15.0 T
4070 1 16.0 A
4072 1 16.0 A
4074 3 27.0 A
4075 2 15.0 A
4076 1 16.0 C
4078 1 16.0 T
4079 1 15.0 A
4081 1 16.0 T
4082 2 27.0 T
4083 1 16.0 T
4084 2571 36.1 G
4085 2 14.5 T
4086 1 16.0 C
4087 2 15.0 A
4089 1 14.0 C
4090 1 39.0 A
4092 2412 35.9 G
4094 1 16.0 C
4101 1 16.0 T
4102 1 16.0 C
4103 2 14.5 T
4104 2 15.5 A
4105 1 16.0 A
4106 1 16.0 C
4107 1 14.0 C
4109 1 16.0 C
4111 1 15.0 C
4112 1 27.0 T
4113 1815 36.9 G
4119 2 40.0 A
4120 1 16.0 T
4121 1478 36.7 G
4127 1305 36.8 G
4130 1 15.0 C
4131 1 40.0 A
4132 1180 36.6 G
4142 970 36.7 G
4148 852 36.4 G
4153 754 36.6 G
4159 1 16.0 C
4166 1 16.0 A
4168 1 15.0 C
4175 399 36.7 G
4201 141 37.2 G
4212 1 16.0 A
4214 103 36.9 G
4217 1 16.0 A
4219 95 36.5 G
4244 37 36.8 G
4264 10 37.6 G
4271 10 39.2 G
4275 9 38.4 G
4282 9 38.0 G
4284 7 36.7 G
4292 7 39.4 G
4296 7 38.3 G
4298 7 39.6 G
4308 5 37.8 G
4309 5 38.0 G
4311 5 39.0 G
4332 1 38.0 G
4333 1 36.0 G
4339 1 39.0 G
4341 1 39.0 G
4346 1 39.0 G
4358 1 40.0 G
4360 1 40.0 G
4376 1 39.0 G
4378 1 38.0 G
4512 2 33.0 G
4515 2 27.5 G
4516 2 36.5 G
4530 2 38.0 G
4532 2 37.0 G
4537 2 38.5 G
4541 2 38.0 G
4546 2 37.5 G
4558 8 35.1 G
4560 8 35.2 G
4563 8 37.4 G
4564 8 39.4 G
4569 8 38.1 G
4580 8 38.1 G
4584 8 35.9 G
4596 6 36.3 G
4607 1 16.0 A
4621 6 36.3 G
4629 8 34.6 G
4632 8 31.5 G
4635 7 35.4 G
4643 8 34.7 G
4655 3 35.0 G
4659 3 34.7 G
4665 5 33.0 G
4686 7 33.6 G
4692 1 15.0 C
4713 8 35.2 G
4714 8 34.9 G
4720 8 30.1 G
4732 6 35.5 A
4769 2 39.0 A
4770 7 35.7 G
4776 11 36.2 G
4788 23 37.3 G
4789 23 36.5 G
4793 1 16.0 A
4794 25 35.4 G
4801 1 16.0 T
4810 27 36.3 G
4812 35 35.9 G
4818 48 36.2 G
4820 55 35.9 G
4821 56 36.9 G
4830 66 36.1 G
4831 66 34.7 G
4841 71 37.1 G
4848 94 36.4 G
4849 98 34.8 G
4853 101 35.5 G
4867 122 35.5 G
4878 134 35.4 G
4881 1 15.0 C
4886 1 16.0 C
4895 1 15.0 A
4898 1 16.0 C
4901 2 16.0 A
4920 142 36.3 G
4922 1 35.0 A
4924 151 34.7 G
4925 1 16.0 C
4935 1 27.0 A
4959 216 36.9 G
4962 224 36.7 G
4963 222 36.5 G
4966 249 37.4 G
4969 263 35.9 G
4971 271 36.3 G
4972 276 36.9 G
4974 280 36.2 G
4975 287 36.9 G
4980 1 15.0 A
4981 1 30.0 A
4983 1 39.0 C
4991 348 36.3 G
4996 375 36.8 G
5007 448 36.9 G
5014 1 16.0 C
5026 1 15.0 A
5031 642 36.2 G
5032 637 36.8 G
5035 658 37.0 G
5043 696 36.6 G
5045 1 40.0 A
5046 706 36.8 G
5049 1 16.0 C
5053 1 16.0 C
5054 786 36.9 G
5055 1 14.0 T
5056 1 35.0 A
5058 1 14.0 A
5060 1 16.0 C
5061 1 14.0 C
5067 1 15.0 A
5074 1 15.0 T
5076 1 15.0 C
5077 1 16.0 T
5079 1 16.0 A
5080 1 15.0 A
5084 1 16.0 A
5088 1 34.0 A
5093 1 30.0 T
5095 1 16.0 T
5097 1 16.0 A
5098 1 16.0 T
5099 1 27.0 C
5104 1 27.0 C
5105 1 15.0 T
5108 1 15.0 T
5109 1 16.0 A
5111 2 25.5 C
5112 2177 36.1 G
5115 1 14.0 T
5120 1 16.0 A
5123 1 16.0 A
5127 3 14.3 A
5128 2 16.0 A
5129 2 16.0 C
5131 1 16.0 T
5133 1 14.0 A
5134 1 16.0 A
5138 3 30.7 C
5140 2796 36.5 G
5142 1 14.0 A
5143 1 16.0 C
5145 1 39.0 A
5147 3056 36.2 G
5149 1 13.0 C
5151 1 14.0 C
5152 2 14.0 T
5154 1 16.0 C
5156 1 15.0 A
5157 1 40.0 C
5160 1 16.0 T
5162 1 15.0 T
5163 3 28.3 C
5164 3257 36.2 G
5166 2 24.5 A
5168 1 14.0 C
5169 1 14.0 T
5170 3250 36.4 G
5171 1 37.0 A
5172 2 38.5 A
5173 2 16.0 A
5176 2 23.5 A
5177 3239 36.3 G
5179 2 14.5 T
5180 1 40.0 A
5183 2 15.0 A
5184 2 15.5 T
5185 3388 36.1 G
5190 2 24.5 A
5191 1 16.0 C
5192 1 27.0 A
5193 1 16.0 C
5194 1 15.0 C
5197 1 16.0 T
5198 2 15.5 A
5199 5 19.8 A
5200 1 27.0 T
5201 1 15.0 T
5202 1 16.0 C
5203 1 16.0 C
5205 1 16.0 T
5212 3 13.3 T
5214 2 39.5 C
5215 2 21.0 T
5223 3230 35.8 G
5224 3265 35.3 G
5226 3330 35.1 G
5227 3324 35.2 G
5230 1 13.0 T
5231 3383 35.2 G
5232 1 40.0 C
5234 1 13.0 C
5237 3463 36.0 G
5239 2 13.5 T
5240 2 26.5 A
5243 1 15.0 C
5244 3689 36.0 G
5245 3646 35.8 G
5248 1 14.0 T
5251 1 16.0 T
5252 3822 34.1 G
5254 3 22.7 C
5255 1 14.0 C
5257 3 15.7 A
5258 1 16.0 A
5260 3996 35.0 G
5261 4013 35.0 G
5262 3919 35.5 G
5266 4 16.0 T
5267 1 15.0 T
5268 2 27.0 A
5269 1 16.0 T
5270 1 16.0 C
5271 4300 35.4 G
5272 2 14.0 A
5273 1 16.0 A
5274 4364 35.7 G
5275 1 14.0 A
5276 2 33.0 A
5277 1 15.0 T
5278 4 18.7 T
5279 2 23.0 C
5280 1 16.0 A
5282 4 16.0 A
5283 2 22.5 A
5284 4 14.5 A
5285 1 16.0 A
5286 2 39.0 A
5287 2 15.0 A
5289 1 14.0 A
5290 4 23.2 A
5293 4473 35.6 G
5295 5 22.2 C
5296 1 13.0 T
5298 2 15.0 A
5299 3 15.3 T
5301 2 16.0 A
5305 1 15.0 C
5306 4 25.7 C
5308 1 14.0 C
5309 1 13.0 C
5310 2 13.5 A
5311 1 27.0 T
5312 1 16.0 C
5313 3 14.3 A
5315 2 21.5 A
5316 4570 35.9 G
5317 1 34.0 C
5318 1 14.0 C
5319 5 13.6 A
5320 4 18.2 C
5321 4 27.2 C
5322 3 13.7 A
5324 2 21.5 C
5325 1 14.0 A
5326 1 16.0 C
5327 3 14.3 C
5328 2 26.0 C
5329 2 13.0 T
5331 1 39.0 C
5332 1 14.0 T
5334 4 15.7 A
5335 1 16.0 A
5338 2 13.5 T
5341 4 21.7 A
5343 1 27.0 T
5344 1 16.0 T
5346 1 15.0 T
5347 3 26.7 A
5351 1 27.0 A
5353 3342 36.4 G
5355 1 13.0 C
5358 2 16.0 A
5361 1 14.0 T
5364 1 16.0 T
5365 1 16.0 C
5368 1 16.0 C
5371 1 31.0 C
5375 1 15.0 C
5376 1 16.0 A
5378 1 15.0 A
5381 1 15.0 A
5382 1 16.0 C
5384 1 14.0 C
5387 1 39.0 C
5388 2 13.5 A
5389 1 15.0 T
5396 1 16.0 C
5400 1442 36.7 G
5401 1 14.0 T
5403 1 31.0 A
5411 3 24.0 A
5413 1057 36.3 G
5417 960 37.0 G
5420 1 27.0 T
5421 890 36.3 G
5428 1 16.0 C
5429 2 16.0 A
5431 1 31.0 A
5434 1 13.0 C
5445 1 15.0 C
5450 1 25.0 C
5460 276 33.6 G
5471 190 33.9 G
5502 1 31.0 A
5513 1 36.0 G
5521 1 36.0 G
5522 1 36.0 G
5532 1 37.0 G
5579 22 37.6 G
5585 41 36.2 G
5590 41 35.9 G
5591 41 36.1 G
5595 41 35.6 G
5610 55 36.6 G
5619 56 37.1 G
5623 56 36.3 G
5631 56 36.3 G
5645 57 34.5 G
5650 17 35.7 G
5660 19 36.9 G
5667 19 27.4 G
5668 4 38.7 G
5669 4 39.5 G
5691 11 36.0 G
5698 11 37.8 G
5703 11 36.9 G
5718 12 37.7 G
5719 12 34.1 G
5738 12 38.5 G
5741 12 35.5 G
5744 13 35.5 G
5745 13 37.0 G
5746 12 33.0 G
5753 11 33.1 G
5754 11 33.8 G
5756 11 35.7 G
5757 11 37.1 G
5758 11 36.3 G
5760 11 35.0 G
5763 11 35.3 G
5768 13 33.2 G
5769 13 35.3 G
5772 13 34.5 G
5773 13 36.9 G
5777 13 31.8 G
5780 10 36.9 G
5783 10 30.0 G
5791 6 37.8 G
5797 6 38.3 G
5809 5 39.0 G
5821 5 36.8 G
5822 6 32.5 G
5824 6 35.7 G
5827 6 35.8 G
5828 6 37.3 G
5835 5 34.2 G
5837 5 37.6 G
5838 5 32.8 G
5849 4 38.5 G
5856 4 38.7 G
5864 3 30.3 G
5871 2 38.5 G
5881 2 37.5 G
5903 4 28.5 G
5906 4 31.2 G
5910 6 36.2 G
5913 6 31.7 G
5917 6 34.3 G
5920 4 32.2 G
5943 6 34.0 G
5949 8 34.4 G
5950 8 33.5 G
5970 10 35.9 G
5971 10 36.1 G
5973 11 34.4 G
5977 11 36.6 G
5979 14 34.9 G
5982 13 35.0 G
5983 14 35.8 G
5985 14 36.4 G
5991 15 34.7 G
5992 15 33.9 G
5997 16 36.8 G
6004 14 36.6 G
6016 19 34.3 G
6018 19 33.1 G
6021 19 35.0 G
6023 19 33.9 G
6026 20 33.6 G
6027 20 36.0 G
6028 20 34.6 G
6032 22 34.9 G
6036 25 34.8 G
6037 25 35.6 G
6048 30 35.1 G
6049 30 36.5 G
6054 33 35.5 G
6069 44 36.5 G
6075 47 35.3 G
6081 46 34.9 G
6087 47 36.5 G
6093 47 36.6 G
6096 1 15.0 A
6111 88 37.7 G
6129 104 36.7 G
6130 107 37.0 G
6132 107 35.6 G
6133 107 36.3 G
6138 109 35.6 G
6139 106 35.4 G
6145 112 36.8 G
6150 117 36.9 G
6165 101 35.3 G
6166 102 34.6 G
6168 101 34.3 G
6174 104 36.8 G
6179 115 36.1 G
6180 115 36.0 G
6182 118 36.2 G
6190 149 36.1 G
6205 187 36.7 G
6211 197 37.0 G
6232 1 16.0 T
6239 241 36.5 G
6243 258 36.9 G
6249 273 37.0 G
6255 277 36.4 G
6257 273 35.3 G
6258 260 36.6 G
6260 254 36.2 G
6261 255 36.2 G
6264 271 35.9 G
6265 272 35.7 G
6267 239 35.2 G
6270 284 36.8 G
6271 281 36.9 G
6274 1 27.0 C
6276 284 36.5 G
6277 287 36.6 G
6280 297 36.8 G
6281 1 14.0 A
6282 1 39.0 A
6285 309 37.4 G
6287 1 16.0 C
6300 356 36.2 G
6303 365 36.9 G
6304 362 36.5 G
6305 361 36.4 G
6307 1 15.0 A
6314 1 15.0 C
6321 411 36.5 G
6322 408 36.0 G
6324 411 35.7 G
6330 430 37.0 G
6333 477 35.2 G
6356 1 39.0 C
6359 12 36.2 A
6360 604 36.0 G
6363 621 36.3 G
6364 625 35.2 G
6366 639 35.7 G
6374 2 14.0 T
6381 665 36.0 G
6382 665 35.0 G
6383 668 35.4 G
6384 647 34.9 G
6394 1 16.0 T
6395 1 16.0 C
6396 2 38.5 A
6400 1 16.0 C
6401 1 14.0 A
6413 1 16.0 T
6416 1 40.0 A
6417 1 15.0 A
6418 1 16.0 A
6419 1 16.0 A
6424 1 35.0 C
6426 746 36.2 G
6431 1 27.0 A
6433 1 27.0 C
6443 1 15.0 A
6446 735 36.2 G
6451 1 13.0 T
6456 739 36.5 G
6460 748 36.6 G
6462 1 16.0 T
6463 1 16.0 C
6465 731 36.4 G
6466 1 14.0 T
6469 1 13.0 T
6477 716 36.0 G
6479 1 14.0 A
6480 715 36.3 G
6490 1 16.0 T
6492 1 15.0 C
6502 1 40.0 C
6504 679 36.5 G
6510 644 36.2 G
6513 637 36.1 G
6516 618 36.5 G
6517 611 35.8 G
6518 1 15.0 C
6519 1 14.0 A
6525 1 16.0 A
6533 1 15.0 A
6536 1 15.0 A
6537 513 36.9 G
6539 1 16.0 C
6541 496 35.8 G
6542 1 13.0 C
6545 1 14.0 C
6549 1 15.0 A
6564 378 35.9 G
6567 1 27.0 C
6570 369 35.5 G
6573 382 35.2 G
6574 375 35.2 G
6576 369 34.5 G
6577 371 34.6 G
6578 1 13.0 A
6579 367 34.7 G
6580 360 35.4 G
6582 358 34.6 G
6588 1 14.0 A
6590 1 15.0 T
6610 291 36.7 G
6612 1 27.0 T
6613 1 16.0 T
6618 299 34.5 G
6619 298 35.2 G
6627 289 35.9 G
6629 1 16.0 A
6630 284 36.3 G
6641 1 16.0 T
6651 250 36.3 G
6652 244 35.3 G
6657 252 36.4 G
6658 249 36.4 G
6659 1 13.0 A
6668 1 14.0 C
6675 218 35.7 G
6679 1 16.0 C
6680 1 15.0 T
6690 176 36.2 G
6691 174 36.6 G
6699 166 36.1 G
6708 137 36.3 G
6709 152 36.8 G
6715 1 16.0 T
6717 140 36.3 G
6718 138 36.7 G
6722 132 36.7 G
6723 131 36.4 G
6727 137 36.8 G
6729 136 36.3 G
6734 127 37.4 G
6744 119 36.0 G
6745 119 36.1 G
6753 115 37.1 G
6754 114 37.0 G
6755 113 36.3 G
6762 102 36.0 G
6764 101 35.5 G
6766 106 35.5 G
6768 97 36.1 G
6786 84 36.8 G
6789 82 35.5 G
6790 85 35.9 G
6795 81 35.5 G
6798 81 36.6 G
6801 83 35.9 G
6808 84 35.4 G
6810 82 36.0 G
6825 88 35.9 G
6834 1 16.0 A
6840 117 36.0 G
6849 1 14.0 A
6852 164 35.7 G
6853 164 35.5 G
6855 175 35.9 G
6861 205 36.6 G
6868 228 36.2 G
6871 247 35.6 G
6876 264 35.5 G
6888 295 36.6 G
6889 301 36.1 G
6892 320 35.5 G
6899 344 36.7 G
6901 1 38.0 A
6904 352 36.7 G
6909 365 36.3 G
6912 380 36.2 G
6915 408 36.7 G
6917 413 35.3 G
6922 458 35.4 G
6924 464 35.8 G
6925 1 16.0 C
6930 505 36.4 G
6931 511 36.7 G
6933 1 16.0 T
6939 1 16.0 T
6946 1 16.0 T
6951 498 37.4 G
6954 491 35.3 G
6955 493 35.0 G
6957 480 34.6 G
6958 492 36.0 G
6962 481 36.0 G
6963 1 16.0 A
6966 463 36.8 G
6967 470 36.9 G
6972 455 36.9 G
6978 436 36.4 G
6982 1 15.0 A
6993 435 36.5 G
6999 441 37.4 G
7008 454 35.7 G
7013 443 36.8 G
7020 396 37.1 G
7023 381 36.2 G
7025 1 15.0 A
7026 362 36.5 G
7028 1 13.0 C
7035 1 27.0 C
7036 13 37.2 A
7041 368 36.7 G
7046 1 16.0 A
7049 1 15.0 A
7053 525 36.3 G
7054 543 35.8 G
7056 579 35.9 G
7059 683 36.4 G
7062 1 16.0 T
7065 817 35.3 G
7071 1 27.0 A
7074 1108 35.7 G
7075 1138 35.6 G
7077 1203 35.5 G
7078 1246 35.7 G
7080 1 14.0 T
7083 1 14.0 A
7084 1 16.0 T
7085 1 16.0 T
7087 1 16.0 A
7089 1 37.0 T
7090 1731 36.9 G
7092 2 23.5 T
7094 1 16.0 T
7095 1 16.0 C
7097 2 15.0 C
7100 1 16.0 A
7101 3 16.0 T
7102 1 16.0 T
7103 1 16.0 C
7104 1 30.0 T
7106 3 35.0 A
7107 2565 36.2 G
7108 2608 36.0 G
7110 1 14.0 T
7115 3 14.7 C
7118 2 21.5 A
7119 3192 36.4 G
7120 1 16.0 A
7123 1 14.0 A
7130 1 16.0 C
7131 3907 36.7 G
7134 1 14.0 A
7135 1 14.0 A
7136 2 15.5 A
7138 1 16.0 T
7140 1 15.0 C
7141 2 21.5 A
7142 2 27.5 T
7143 3 15.3 T
7144 1 16.0 T
7145 1 16.0 C
7147 2 16.0 C
7149 3 24.0 A
7151 1 40.0 C
7152 2 15.0 A
7153 2 15.0 T
7154 1 16.0 A
7155 2 20.0 T
7158 1 38.0 A
7159 2 16.0 T
7160 1 27.0 C
7161 6172 36.5 G
7162 6212 35.8 G
7164 6465 36.3 G
7166 4 33.5 A
7167 5 18.0 A
7168 5 15.4 A
7169 3 15.7 T
7171 1 15.0 T
7172 2 21.5 A
7173 4 22.7 A
7174 1 16.0 C
7175 1 15.0 T
7177 2 16.0 T
7179 2 14.5 T
7180 4 21.7 T
7184 2 15.0 A
7185 2 21.5 C
7186 4 16.5 A
7187 5 19.4 A
7189 3 31.0 A
7190 2 16.0 C
7193 1 16.0 T
7194 1 16.0 C
7195 5 21.2 T
7196 1 15.0 C
7197 9151 35.9 G
7198 9102 35.5 G
7200 1 14.0 C
7201 2 39.0 T
7202 8279 36.6 A
7204 3 16.0 C
7206 10154 36.8 G
7207 10300 36.1 G
7208 3 22.3 A
7209 2 27.0 A
7210 3 13.3 T
7211 10408 35.6 G
7213 3 14.7 C
7214 3 14.0 C
7216 10776 35.7 G
7217 5 24.4 A
7218 2 14.0 C
7219 11078 36.5 G
7220 1 13.0 T
7221 1 15.0 T
7222 3 23.7 A
7223 1 16.0 C
7224 4 22.7 T
7225 3 27.7 C
7226 11525 36.3 G
7227 11610 36.2 G
7228 5 17.8 A
7230 1 13.0 T
7231 3 27.3 A
7232 3 20.7 C
7233 4 27.0 C
7234 2 14.0 C
7235 1 15.0 C
7236 12029 36.3 G
7237 2 26.0 A
7238 2 14.0 T
7239 12188 35.8 G
7240 1 38.0 C
7241 8 20.4 A
7242 1 15.0 T
7243 5 20.0 A
7244 1 16.0 C
7245 10 17.5 A
7246 4 18.7 C
7247 3 14.3 C
7248 6 21.5 A
7249 1 16.0 C
7250 4 15.0 A
7251 5 24.4 T
7252 12423 36.0 G
7253 4 25.5 A
7254 6 19.8 A
7255 8 20.9 A
7256 2 27.5 C
7257 2 15.0 A
7258 1 16.0 T
7259 1 16.0 C
7260 3 21.7 C
7261 7 17.9 T
7262 3 15.7 A
7263 7 16.9 T
7264 2 15.5 C
7265 3 14.7 A
7266 3 15.3 T
7267 2 27.5 C
7268 6 15.0 T
7269 12245 36.6 G
7270 1 14.0 T
7271 4 31.7 A
7272 12158 35.9 G
7273 12087 35.9 G
7274 1 16.0 C
7275 6 13.8 T
7276 6 19.8 C
7277 6 20.5 A
7278 9 19.0 T
7279 5 15.8 T
7280 3 27.7 C
7281 5 16.0 A
7282 4 15.7 T
7283 3 15.0 T
7284 4 18.0 T
7285 1 24.0 C
7286 10 16.1 T
7287 2 27.0 C
7288 3 14.3 T
7289 3 20.0 A
7290 7 20.0 A
7291 3 16.0 C
7292 8 17.4 A
7293 11600 36.3 G
7294 2 23.0 C
7295 8 18.7 A
7296 11375 36.5 G
7297 3 19.7 T
7298 4 16.0 A
7299 4 15.7 A
7300 4 15.5 T
7301 4 15.7 A
7302 3 14.7 T
7303 2 15.0 T
7304 5 18.4 A
7305 4 16.0 A
7306 3 20.7 T
7307 3 31.3 A
7308 6 15.7 A
7309 2 15.5 T
7310 4 15.5 T
7311 6 15.5 T
7312 3 15.0 T
7313 3 27.7 C
7314 7 30.7 A
7315 4 26.2 T
7316 10080 36.8 G
7317 1 16.0 A
7318 2 16.0 T
7319 1 16.0 T
7320 1 16.0 T
7321 9579 35.6 G
7322 2 36.5 A
7323 9523 35.9 G
7324 7 29.7 A
7325 3 34.7 A
7326 9197 36.1 G
7328 4 18.7 C
7329 1 13.0 T
7331 1 40.0 C
7332 8761 36.4 G
7334 7 13.6 T
7335 3 19.0 T
7337 8166 36.1 G
7339 1 14.0 A
7340 7846 36.2 G
7342 7700 36.7 G
7344 5 16.8 A
7345 6 22.5 A
7346 6 20.3 A
7347 7379 36.4 G
7350 2 14.5 C
7352 4 30.5 A
7354 2 15.5 T
7355 1 16.0 A
7356 6690 37.3 G
7358 4 25.5 A
7359 6422 36.8 G
7360 1 15.0 A
7361 1 15.0 A
7362 6126 36.4 G
7363 1 15.0 A
7364 2 27.5 A
7365 1 27.0 C
7366 1 35.0 C
7367 2 13.5 C
7368 1 13.0 T
7369 2 27.5 C
7370 3 14.7 C
7372 2 16.0 T
7373 2 33.0 A
7374 1 15.0 A
7375 3 19.7 A
7376 1 16.0 C
7377 2 15.0 C
7378 1 13.0 T
7379 4623 36.7 G
7380 4551 36.6 G
7381 4 26.2 A
7382 4397 36.4 G
7383 1 15.0 T
7384 4229 36.3 G
7386 1 16.0 C
7387 3 14.3 T
7388 1 16.0 A
7390 1 39.0 A
7392 3384 36.2 G
7393 3272 36.3 G
7394 1 14.0 A
7396 2954 35.6 G
7397 2 30.5 C
7398 4 13.7 C
7399 2 13.5 C
7402 1 13.0 C
7403 3 13.3 A
7405 3 29.0 C
7406 1 27.0 C
7409 1 38.0 C
7412 1 16.0 C
7413 1 15.0 A
7414 1 15.0 C
7419 1356 34.1 G
7420 3 13.3 A
7422 1253 33.8 G
7423 4 17.2 A
7428 1045 35.4 G
7429 4 13.5 T
7432 1 16.0 A
7434 1 39.0 A
7437 2 28.0 A
7438 1 15.0 A
7439 1 16.0 A
7444 532 33.7 G
7445 1 13.0 A
7453 388 35.0 G
7454 375 35.7 G
7457 326 33.6 G
7458 324 35.1 G
7459 1 14.0 A
7463 258 33.5 G
7475 134 34.0 G
7478 117 35.0 G
7479 115 35.9 G
7480 2 14.5 T
7486 88 34.5 G
7497 54 35.5 G
7498 52 36.1 G
7506 29 35.1 G
7514 1 40.0 C
7588 138 35.5 G
7589 138 36.0 G
7595 139 35.5 G
7597 1 14.0 A
7598 139 35.2 G
7600 139 34.6 G
7604 139 35.6 G
7607 139 36.7 G
7608 139 36.6 G
7614 1 16.0 A
7616 139 35.6 G
7617 1 39.0 A
7619 139 36.1 G
7627 1 16.0 C
7637 139 36.0 G
7640 142 34.3 G
7642 142 34.1 G
7643 1 16.0 C
7658 9 31.6 G
7664 9 33.2 G
7689 4 38.0 G
7697 5 37.2 G
7702 5 37.0 G
7706 5 34.2 G
7723 1 16.0 C
7754 59 36.8 G
7757 69 34.9 G
7761 1 34.0 A
7762 85 35.6 G
7763 86 36.1 G
7768 79 37.6 A
7769 98 36.5 G
7775 106 35.9 G
7779 124 37.0 G
7789 153 35.5 G
7793 157 36.1 G
7805 194 36.0 G
7814 268 34.6 G
7824 1 16.0 C
7830 385 36.8 G
7839 1 16.0 A
7840 1 27.0 C
7841 1 15.0 A
7847 642 36.2 G
7850 772 35.7 G
7852 808 34.9 G
7853 821 35.6 G
7856 1 30.0 A
7859 954 36.3 G
7869 1 14.0 T
7874 2 15.0 A
7875 1 27.0 T
7879 1 16.0 A
7882 2 27.0 A
7883 2 16.0 A
7884 1 16.0 T
7886 1587 34.9 G
7887 1608 35.1 G
7894 1 16.0 A
7895 1 27.0 T
7896 1886 35.8 G
7897 1931 36.2 G
7900 1 16.0 C
7902 2186 35.8 G
7903 3 24.0 A
7904 1 27.0 A
7910 2591 36.3 G
7911 1 27.0 A
7912 2682 35.6 G
7915 1 15.0 C
7919 3022 35.4 G
7920 1 35.0 A
7922 1 14.0 T
7924 1 16.0 C
7925 3404 36.0 G
7926 3430 35.4 G
7927 1 14.0 C
7928 3679 35.2 G
7929 3736 35.3 G
7932 1 14.0 T
7933 3 15.7 A
7934 4 20.5 A
7935 1 16.0 T
7938 6 17.5 T
7940 3 16.0 A
7941 1 16.0 A
7943 3 15.3 T
7944 2 16.0 C
7945 4 26.7 C
7946 1 15.0 T
7947 2 16.0 A
7948 1 16.0 C
7950 1 16.0 T
7951 3 24.0 A
7952 1 16.0 C
7953 6 16.8 T
7954 3 21.0 T
7955 3 19.3 C
7957 5 14.6 C
7958 2 15.0 C
7959 2 24.5 C
7960 9 19.0 A
7961 2 19.5 T
7962 2 23.0 T
7963 2 16.0 A
7964 3 25.7 T
7965 3 22.3 T
7967 2 16.0 C
7968 6 17.8 T
7969 1 16.0 A
7970 6505 35.6 G
7972 1 16.0 A
7973 3 15.7 C
7974 2 25.5 C
7975 5 21.2 A
7976 7019 36.0 G
7977 7053 35.5 G
7979 7441 34.7 G
7980 2 14.0 A
7981 2 13.5 C
7982 3 14.0 C
7983 3 17.7 T
7984 7793 35.6 G
7985 1 27.0 C
7986 8093 35.5 G
7987 2 27.0 A
7989 3 19.3 T
7990 1 27.0 C
7993 2 26.0 T
7994 8623 35.3 G
7997 8813 36.8 G
8000 8844 35.0 G
8001 2 16.0 A
8002 1 16.0 C
8003 5 21.2 A
8004 5 23.0 A
8005 3 23.7 T
8006 4 30.2 C
8007 9198 35.9 G
8008 2 14.5 A
8009 9188 36.1 G
8010 5 13.6 T
8011 1 16.0 A
8012 9371 36.4 G
8014 2 16.0 A
8015 1 16.0 C
8016 3 22.7 T
8017 2 15.5 C
8018 5 18.8 C
8019 2 14.5 C
8020 9569 36.0 G
8022 3 14.0 T
8023 1 15.0 T
8024 9771 35.1 G
8025 1 13.0 A
8026 3 20.3 A
8027 9779 35.6 G
8029 6 13.5 C
8030 3 13.3 C
8031 3 13.0 C
8032 3 22.0 C
8033 6 18.2 A
8034 9 18.9 T
8035 2 16.0 T
8036 1 16.0 C
8037 9987 36.8 G
8038 4 15.5 T
8039 2 15.0 A
8040 9 14.8 T
8041 5 18.6 A
8042 2 16.0 A
8043 3 19.7 T
8044 4 15.5 A
8045 8 21.7 A
8046 2 21.5 T
8047 1 16.0 T
8048 2 21.5 A
8050 5 20.0 A
8051 2 16.0 T
8052 2 22.0 C
8053 6 14.8 A
8055 7 16.6 A
8056 3 16.0 A
8057 10197 35.7 G
8058 4 20.2 A
8059 2 15.0 C
8060 10361 36.5 G
8061 2 14.0 T
8062 2 25.5 C
8063 1 39.0 T
8065 10175 35.0 G
8066 3 16.0 C
8067 5 23.0 A
8068 2 16.0 C
8069 7 14.7 T
8070 1 16.0 C
8071 3 19.0 A
8072 2 21.5 T
8073 9698 35.2 G
8074 5 24.2 A
8075 9678 35.7 G
8077 6 26.0 T
8078 9337 35.7 G
8079 1 16.0 T
8080 2 27.0 C
8081 13 23.3 C
8082 1 13.0 C
8083 2 13.5 C
8084 6 13.5 A
8085 3 23.0 C
8086 3 13.3 A
8087 1 27.0 T
8088 3 19.3 T
8089 4 31.5 A
8090 8670 35.8 G
8091 8621 35.6 G
8093 3 31.3 T
8095 4 13.7 A
8096 4 26.2 A
8097 3 27.3 A
8098 2 16.0 A
8099 2 21.0 A
8100 1 15.0 C
8101 2 24.5 A
8102 8131 36.9 G
8103 2 24.5 A
8104 1 16.0 T
8105 7934 35.5 G
8106 2 16.0 C
8107 6 17.0 A
8108 2 16.0 A
8109 2 16.0 T
8112 3 15.3 C
8113 2 26.5 C
8114 7531 35.6 G
8115 7505 35.3 G
8116 2 24.0 A
8118 7235 36.1 G
8119 3 14.0 T
8121 4 13.7 T
8122 5 20.2 A
8123 4 16.0 A
8124 1 16.0 A
8125 1 15.0 C
8126 4 30.7 C
8127 2 14.0 A
8128 5 15.4 A
8129 7 19.6 A
8131 2 15.0 C
8134 3 14.0 T
8135 1 16.0 T
8136 2 38.0 T
8138 3 14.7 A
8140 3 31.0 C
8141 5353 35.8 G
8143 1 14.0 T
8146 2 15.0 A
8148 4951 35.1 G
8152 4731 34.8 G
8153 4587 34.4 G
8154 4499 34.3 G
8155 4453 34.8 G
8156 4407 34.8 G
8158 1 40.0 A
8159 1 15.0 T
8160 40 35.8 A
8162 1 15.0 T
8164 1 15.0 C
8165 3554 33.9 G
8166 3515 34.2 G
8168 1 16.0 C
8169 3 14.0 A
8170 1 16.0 A
8171 2 16.0 T
8172 3177 34.1 G
8174 2 13.5 T
8177 2859 33.0 G
8178 1 37.0 A
8179 3 31.3 A
8180 1 36.0 A
8181 3 15.7 T
8184 2536 34.9 G
8186 2398 33.3 G
8187 2396 34.4 G
8189 2303 33.9 G
8190 1 15.0 C
8191 1 14.0 A
8192 1 16.0 A
8193 3 15.3 A
8195 1 36.0 C
8196 1 14.0 A
8197 2 27.0 C
8198 6 28.3 A
8199 1880 36.5 G
8202 1 15.0 T
8206 1568 33.8 G
8209 1 27.0 C
8210 2 25.0 A
8213 1240 34.7 G
8214 1 14.0 T
8219 1020 35.6 G
8220 1 16.0 A
8224 1 16.0 A
8230 1 14.0 C
8231 1 15.0 C
8234 1 15.0 A
8238 1 15.0 T
8242 1 16.0 T
8243 497 34.4 G
8245 1 16.0 A
8249 364 34.8 G
8250 333 34.8 G
8251 317 34.5 G
8255 282 34.8 G
8269 154 34.7 G
8281 1 16.0 C
8290 44 35.5 G
8292 37 35.3 G
8368 1 36.0 G
8387 1 34.0 G
8391 1 30.0 G
8392 1 34.0 G
8485 1 39.0 G
8517 5 37.0 G
8519 5 27.8 G
8529 5 37.4 G
8533 5 36.0 G
8540 1 14.0 T
8541 7 37.1 G
8545 7 38.6 G
8557 7 37.7 G
8572 11 32.9 G
8573 9 32.7 G
8581 9 35.3 G
8584 11 36.4 G
8587 13 36.3 G
8592 13 35.4 G
8616 19 35.4 G
8648 53 36.8 G
8655 2 37.0 C
8669 75 36.8 G
8697 142 37.2 G
8713 1 14.0 A
8719 222 35.9 G
8720 220 36.4 G
8723 231 35.9 G
8729 238 36.3 G
8731 1 15.0 T
8735 1 16.0 T
8743 258 36.7 G
8752 1 16.0 A
8758 1 16.0 T
8760 1 15.0 T
8761 1 14.0 A
8764 252 36.2 G
8767 1 14.0 A
8779 2 39.5 C
8782 203 36.3 G
8783 203 36.0 G
8790 209 35.4 G
8810 1 27.0 C
8816 1 39.0 A
8817 1 34.0 A
8821 1 15.0 T
8833 95 33.2 G
8838 69 31.2 G
8839 64 34.2 G
8840 1 15.0 C
8852 40 32.6 G
8854 37 34.4 G
8856 22 34.3 G
8857 21 33.0 G
8858 21 36.1 G
8863 209 34.2 G
8865 323 35.0 G
8872 642 35.7 G
8873 681 35.5 G
8877 1 14.0 T
8879 952 36.2 G
8886 1315 36.9 G
8890 1 39.0 A
8891 2 16.0 A
8896 1640 36.4 G
8900 1 15.0 T
8901 2 37.0 A
8902 1897 36.2 G
8904 1 14.0 C
8905 1 14.0 C
8906 4 20.2 A
8909 1 16.0 T
8910 1 16.0 C
8916 2 15.0 A
8919 1 16.0 A
8920 2701 36.4 G
8921 2733 36.2 G
8923 2 22.0 A
8924 1 15.0 C
8925 2 25.0 A
8927 1 27.0 C
8928 2 13.5 T
8932 1 16.0 C
8933 2 15.0 C
8935 1 39.0 C
8936 1 27.0 T
8937 1 16.0 T
8941 2 16.0 C
8942 2 21.0 C
8944 2 20.0 A
8945 1 15.0 T
8946 1 16.0 A
8947 2 16.0 C
8949 3 14.7 A
8950 3617 37.6 G
8951 1 16.0 T
8954 1 16.0 T
8956 2 16.0 A
8958 2 15.5 C
8959 3692 36.4 G
8961 1 16.0 A
8962 1 15.0 A
8963 1 39.0 C
8964 2 39.5 C
8966 1 27.0 T
8968 1 15.0 A
8969 3459 36.5 G
8972 1 14.0 T
8974 3 27.0 C
8975 1 14.0 T
8976 1 15.0 C
8977 1 40.0 A
8979 1 16.0 T
8980 1 16.0 C
8981 1 15.0 A
8982 3 32.0 A
8983 1 15.0 C
8984 3 22.7 C
8985 2 27.0 A
8986 1 15.0 A
8988 1 16.0 A
8989 3238 35.4 G
8990 1 39.0 C
8991 2 14.0 C
8993 1 30.0 T
8994 3212 34.7 G
8995 3218 35.3 G
8998 3155 36.7 G
9001 1 14.0 C
9002 3059 36.3 G
9004 1 27.0 C
9005 1 14.0 T
9008 1 16.0 C
9010 2848 36.6 G
9013 1 37.0 A
9014 1 14.0 A
9016 2 14.0 A
9020 1 13.0 C
9022 2554 34.7 G
9025 2480 35.4 G
9026 2425 35.7 G
9027 1 14.0 C
9028 1 14.0 C
9029 1 13.0 A
9030 1 13.0 C
9033 1 36.0 A
9034 2 25.0 C
9036 1 16.0 C
9039 2132 35.7 G
9044 1 27.0 T
9045 1 27.0 A
9046 1 16.0 A
9049 2031 35.6 G
9050 2043 36.3 G
9051 1 16.0 A
9053 2007 35.6 G
9055 1974 35.2 G
9059 1 13.0 C
9061 3 22.0 C
9064 1810 36.7 G
9065 1 15.0 C
9069 2 16.0 A
9070 1 16.0 T
9072 2 14.5 A
9073 2 20.0 A
9075 1 15.0 C
9079 1 16.0 A
9080 3 15.3 A
9081 1 16.0 C
9082 1 14.0 C
9093 1 16.0 A
9097 1 16.0 A
9102 1 25.0 C
9104 1 16.0 T
9106 1 36.0 A
9109 1 16.0 A
9123 463 36.3 G
9126 1 27.0 T
9127 2 27.5 A
9129 1 15.0 C
9131 1 15.0 T
9133 361 36.6 G
9139 293 36.7 G
9142 267 36.9 G
9145 251 35.7 G
9157 150 35.1 G
9163 111 37.3 G
9178 65 36.9 G
9182 58 36.3 G
9192 39 34.6 G
9196 31 36.1 G
9209 171 35.4 G
9216 1 14.0 C
9225 171 36.8 G
9237 171 37.1 G
9247 171 36.2 G
9253 171 34.4 G
9264 172 35.0 G
9265 172 34.4 G
9266 172 33.9 G
9267 171 34.2 G
9276 15 23.9 G
9287 6 32.8 G
9294 11 30.5 G
9295 11 33.5 G
9300 12 35.7 G
9305 14 32.5 G
9307 14 33.5 G
9329 15 35.8 G
9334 1 13.0 T
9342 16 33.7 G
9343 16 34.1 G
9376 37 35.9 G
9379 52 34.8 G
9380 53 36.5 G
9382 58 35.7 G
9384 64 36.1 G
9387 64 35.1 G
9394 79 36.2 G
9396 82 34.7 G
9397 1 14.0 A
9400 83 35.6 G
9411 119 35.7 G
9412 122 35.4 G
9425 1 14.0 A
9429 141 36.8 G
9435 1 16.0 A
9438 168 34.8 G
9439 168 35.0 G
9445 186 36.8 G
9450 195 36.8 G
9451 202 36.3 G
9452 204 36.1 G
9461 1 16.0 A
9474 270 37.6 G
9477 21 37.7 G
9482 1 16.0 T
9488 1 16.0 C
9489 365 36.5 G
9492 385 36.8 G
9493 385 36.5 G
9501 1 14.0 T
9502 472 36.4 G
9504 497 35.9 G
9509 1 16.0 T
9519 5 33.4 A
9520 638 35.8 G
9522 1 35.0 C
9525 673 34.9 G
9527 1 15.0 C
9529 2 40.0 C
9530 1 13.0 T
9535 1 15.0 C
9539 1 15.0 A
9543 833 34.5 G
9544 837 34.3 G
9545 1 16.0 A
9546 872 33.9 G
9547 890 34.1 G
9548 894 33.5 G
9549 1 14.0 C
9550 2 14.0 A
9551 1 28.0 C
9553 1011 33.7 G
9554 1009 34.2 G
9556 1 13.0 C
9557 1 27.0 C
9559 1 14.0 C
9560 1 14.0 A
9564 1196 35.5 G
9565 1218 35.4 G
9566 1 24.0 C
9567 3 14.0 A
9568 2 26.0 T
9570 4 18.0 A
9575 1418 35.4 G
9578 1 40.0 A
9583 2 25.0 C
9584 1 39.0 C
9587 1 16.0 A
9588 1798 36.0 G
9591 1911 35.7 G
9593 1 16.0 C
9595 1 15.0 C
9597 1 27.0 C
9602 2 16.0 A
9604 2 16.0 A
9605 1 16.0 C
9607 1 16.0 C
9609 1 16.0 T
9610 1 16.0 C
9612 2738 36.9 G
9613 1 14.0 T
9615 1 15.0 T
9618 1 27.0 C
9619 1 16.0 T
9620 1 16.0 C
9621 3313 36.4 G
9623 1 14.0 A
9624 1 15.0 T
9625 2 40.0 C
9626 1 15.0 A
9627 3801 36.6 G
9628 3845 36.8 G
9630 3911 36.7 G
9632 7 21.6 A
9633 1 13.0 T
9634 1 16.0 C
9635 2 14.0 A
9636 2 16.0 A
9639 5 33.0 A
9640 2 21.5 C
9641 3 15.0 C
9642 1 15.0 T
9643 4029 36.4 G
9645 4004 36.6 G
9647 3 17.3 T
9649 1 15.0 A
9652 2 27.0 A
9655 4177 36.9 G
9657 1 27.0 C
9658 2 15.0 T
9659 2 33.5 A
9661 2 26.0 T
9662 1 16.0 A
9663 4621 36.4 G
9664 3 16.0 A
9665 1 16.0 A
9666 1 15.0 A
9667 3 15.0 A
9670 1 16.0 A
9671 1 16.0 C
9673 5498 36.4 G
9674 2 13.0 A
9675 3 13.7 A
9676 6 15.8 A
9677 1 14.0 C
9678 3 15.7 C
9679 3 14.0 A
9680 3 19.7 A
9681 5 30.2 A
9682 1 36.0 T
9683 1 16.0 A
9684 4 23.2 A
9685 1 13.0 T
9686 2 16.0 T
9687 2 16.0 C
9688 3 22.7 A
9689 2 28.0 A
9690 6501 36.2 G
9692 1 15.0 A
9693 3 15.3 C
9694 1 13.0 T
9695 6814 35.8 G
9696 2 21.5 C
9697 6 17.0 T
9698 1 16.0 T
9699 1 16.0 A
9700 3 19.7 T
9702 25 34.0 A
9703 2 25.0 C
9704 5 18.8 A
9705 3 15.7 A
9706 3 21.7 T
9707 6 16.0 T
9708 4 15.7 T
9709 1 16.0 T
9710 2 27.5 A
9711 2 21.5 C
9712 1 15.0 T
9713 7761 36.5 G
9714 7746 36.5 G
9715 7742 36.6 G
9716 7 15.9 T
9717 2 21.0 C
9718 6 13.5 T
9719 1 15.0 C
9720 2 16.0 T
9721 2 16.0 A
9722 3 16.0 T
9723 3 23.7 T
9724 4 16.0 T
9725 1 16.0 T
9726 1 16.0 A
9727 2 16.0 C
9728 3 15.0 C
9730 5 15.0 T
9732 1 27.0 C
9733 1 15.0 T
9734 4 22.0 A
9735 1 16.0 C
9736 5 21.0 A
9737 6 17.8 A
9738 8591 36.4 G
9739 4 27.5 C
9740 4 14.7 C
9742 1 16.0 C
9743 7 19.6 A
9744 9091 36.9 G
9745 6 19.3 A
9746 9196 36.8 G
9747 1 16.0 T
9748 3 23.7 A
9750 4 15.0 T
9751 3 15.7 T
9752 1 15.0 C
9753 9515 36.9 G
9754 5 18.8 A
9755 9658 36.5 G
9756 1 13.0 T
9757 2 16.0 C
9758 4 13.7 T
9759 2 15.5 C
9760 3 31.3 C
9761 1 13.0 C
9762 1 14.0 T
9763 3 19.7 T
9764 3 31.0 C
9765 5 20.4 A
9767 4 24.7 C
9768 2 20.0 A
9769 1 24.0 T
9772 2 15.5 C
9773 1 16.0 C
9774 8935 36.7 G
9775 3 13.7 A
9776 1 13.0 C
9777 8823 36.4 G
9778 8786 36.1 G
9780 2 14.0 A
9783 2 15.0 T
9784 2 27.0 A
9786 8406 37.0 G
9787 8350 36.6 G
9788 1 14.0 C
9789 5 19.0 T
9791 4 21.5 A
9792 3 21.7 A
9793 1 16.0 C
9794 5 21.6 A
9796 2 16.0 T
9797 3 15.3 T
9798 3 15.7 T
9799 3 16.0 T
9801 7423 35.7 G
9802 1 13.0 T
9803 4 30.2 A
9804 7240 35.7 G
9807 4 13.7 A
9808 1 16.0 C
9809 16 27.2 A
9810 6864 35.9 G
9811 6769 35.9 G
9812 2 14.0 C
9813 3 13.7 T
9817 5 14.6 A
9818 2 16.0 C
9819 6364 36.5 G
9820 6306 36.2 G
9821 5 13.6 A
9823 3 13.3 T
9824 2 16.0 T
9825 2 34.0 C
9826 1 16.0 A
9827 1 16.0 C
9828 5789 36.9 G
9829 1 15.0 T
9830 2 27.0 C
9831 4 13.5 A
9832 4 19.7 T
9833 2 21.5 T
9834 2 14.5 A
9835 5 21.4 T
9836 1 16.0 T
9837 5045 35.1 G
9838 4969 35.9 G
9840 2 19.5 T
9841 1 16.0 C
9845 1 15.0 T
9846 2 15.5 T
9848 2 23.5 C
9849 2 38.0 C
9850 2 14.5 T
9852 1 15.0 A
9853 2 21.5 C
9854 3 18.7 T
9855 2 16.0 A
9856 1 16.0 T
9859 3435 35.8 G
9861 4 13.5 T
9864 2 13.5 A
9867 2 27.5 C
9868 3023 36.2 G
9871 5 13.4 A
9872 2 25.0 A
9875 1 16.0 A
9877 1 16.0 T
9879 1 15.0 T
9882 1 16.0 C
9885 1 27.0 T
9887 1 16.0 T
9888 1 16.0 A
9894 1 15.0 A
9895 1 15.0 A
9896 1 15.0 A
9898 1 13.0 A
9899 1 13.0 T
9903 1 28.0 T
9904 2 16.0 T
9905 1 16.0 T
9906 1162 33.3 G
9907 1132 35.5 G
9912 957 35.7 G
9914 1 39.0 A
9915 860 35.6 G
9918 768 35.4 G
9921 690 35.8 G
9925 645 36.1 G
9927 1 16.0 T
9928 1 15.0 A
9931 510 35.8 G
9932 490 36.7 G
9939 403 35.9 G
9942 383 36.6 G
9943 1 13.0 A
9945 343 35.0 G
9947 326 35.0 G
9948 309 36.1 G
9951 2 25.5 T
9952 272 35.9 G
9962 179 36.5 G
9966 150 35.7 G
9971 1 27.0 C
9975 1 14.0 T
9979 77 36.1 G
9982 70 34.2 G
9984 65 35.5 G
9985 61 36.4 G
9986 54 34.9 G
10000 24 39.0 G
10009 24 38.6 G
10014 24 38.9 G
10033 24 38.6 G
10038 24 37.7 G
10054 24 36.4 G
10056 24 36.0 G
10067 1 16.0 C
10068 1035 37.2 G
10070 1 14.0 C
10076 1 16.0 T
10079 1 16.0 A
10080 1 16.0 A
10081 1 16.0 T
10083 1 30.0 A
10084 2 16.0 T
10086 1 16.0 A
10087 1 16.0 A
10088 1 16.0 C
10090 1 16.0 C
10091 1 15.0 C
10098 1035 36.9 G
10105 1 14.0 T
10113 1 15.0 A
10115 1 15.0 T
10117 1 27.0 T
10126 967 27.9 G
10143 61 36.2 G
10144 63 35.0 G
10152 65 34.9 G
10170 75 34.6 G
10172 75 33.6 G
10174 75 32.7 G
10176 48 36.9 G
10177 48 36.4 G
10182 54 37.0 G
10184 1 16.0 C
10197 67 37.3 G
10201 71 35.2 G
10203 72 36.6 G
10230 93 37.8 G
10233 97 36.6 G
10254 97 37.5 G
10260 97 37.6 G
10266 97 36.2 G
10288 89 36.3 G
10290 91 37.3 G
10310 67 36.6 G
10319 1 13.0 A
10320 53 37.2 G
10325 45 36.0 G
10353 26 35.7 G
10360 20 36.2 G
10364 18 37.2 G
10365 17 36.7 G
10371 15 38.7 G
10373 15 38.3 G
10375 15 37.6 G
10386 14 34.6 G
10387 12 35.7 G
10392 12 38.8 G
10396 11 38.8 G
10401 11 38.9 G
10406 9 34.0 G
10407 9 38.8 G
10414 9 38.3 G
10427 7 37.9 G
10431 7 37.9 G
10437 7 39.0 G
10445 1 39.0 A
10452 3 39.3 G
10472 199 36.8 G
10479 1 14.0 A
10489 1 16.0 A
10500 201 36.4 G
10506 1 16.0 A
10521 202 35.3 G
10522 202 34.4 G
10525 1 14.0 T
10526 1 39.0 A
10530 202 34.6 G
10537 186 30.8 G
10564 11 37.0 G
10569 12 38.1 G
10572 13 37.9 G
10573 16 36.9 G
10586 25 37.3 G
10589 27 34.7 G
10599 33 37.8 G
10615 1 16.0 T
10635 74 36.6 G
10644 80 35.7 G
10646 88 36.0 G
10653 94 36.0 G
10654 1 16.0 C
10662 108 37.5 G
10666 1 14.0 T
10668 120 35.6 G
10671 127 35.9 G
10674 1 14.0 T
10675 136 36.3 G
10677 146 35.8 G
10680 144 36.1 G
10683 155 36.0 G
10685 167 35.6 G
10686 169 36.6 G
10688 212 34.7 G
10689 215 35.8 G
10690 211 35.4 G
10695 223 36.8 G
10696 1 36.0 C
10704 286 37.5 G
10715 1 16.0 C
10725 305 36.5 G
10726 309 36.4 G
10727 1 15.0 C
10731 319 36.8 G
10737 390 36.6 G
10755 1 16.0 C
10762 435 36.0 G
10775 431 36.8 G
10784 1 16.0 A
10793 1 16.0 C
10795 1 16.0 A
10801 492 36.0 G
10805 1 16.0 T
10806 476 36.0 G
10830 493 37.2 G
10831 1 34.0 A
10833 1 16.0 T
10843 1 13.0 C
10851 463 36.6 G
10860 1 16.0 T
10862 1 14.0 A
10863 444 36.4 G
10865 1 14.0 A
10872 1 15.0 C
10874 2 26.0 C
10875 1 13.0 T
10882 1 16.0 T
10891 1 36.0 A
10908 1 16.0 T
10911 301 36.1 G
10914 295 36.6 G
10925 1 27.0 T
10931 1 27.0 T
10934 300 31.3 G
10935 1 13.0 A
10941 1 13.0 T
10942 1 14.0 A
10944 1 16.0 C
10946 1 16.0 A
10953 1 14.0 T
10957 1 16.0 A
10964 1 14.0 A
10970 2 21.5 T
10971 292 31.6 G
10972 1 16.0 A
10974 1 15.0 T
10979 1 16.0 C
10993 310 33.5 G
10994 310 34.2 G
10996 1 13.0 A
10998 328 35.0 G
11002 1 16.0 A
11004 357 34.6 G
11012 1 15.0 T
11016 372 36.2 G
11018 375 35.7 G
11031 416 36.8 G
11033 1 13.0 A
11037 1 27.0 A
11047 2 39.5 C
11053 1 36.0 A
11055 1 36.0 T
11058 1 16.0 T
11064 1 13.0 T
11065 1 16.0 A
11067 1 27.0 A
11068 1 16.0 A
11069 1 16.0 A
11070 1 36.0 T
11080 1 15.0 T
11087 1 16.0 T
11093 426 36.4 G
11099 383 36.6 G
11108 1 16.0 A
11110 1 15.0 A
11112 1 16.0 T
11126 437 35.6 G
11137 1 31.0 T
11141 1 16.0 C
11147 1 14.0 T
11149 436 34.5 G
11150 434 34.9 G
11154 1 16.0 T
11163 446 35.9 G
11166 449 34.9 G
11168 446 35.2 G
11169 443 35.6 G
11176 430 36.4 G
11180 417 36.5 G
11184 405 35.9 G
11188 407 36.4 G
11192 403 36.4 G
11195 365 35.1 G
11196 358 34.9 G
11204 1 32.0 T
11208 1 14.0 T
11222 311 36.5 G
11225 281 36.0 G
11226 285 34.8 G
11238 1 13.0 T
11246 253 35.7 G
11251 2 31.0 A
11258 1 15.0 A
11265 1 16.0 A
11273 212 36.3 G
11274 213 36.0 G
11297 1 15.0 A
11306 189 35.7 G
11312 186 36.7 G
11317 1 15.0 A
11323 1 31.0 C
11328 173 35.8 G
11330 170 36.3 G
11344 1 30.0 A
11346 185 35.5 G
11351 189 35.3 G
11363 188 36.4 G
11372 183 36.9 G
11377 188 36.3 G
11390 212 35.2 G
11391 210 34.5 G
11396 1 16.0 C
11403 217 34.6 G
11414 187 35.4 G
11420 183 35.8 G
11423 190 35.7 G
11426 191 33.6 G
11431 1 34.0 C
11435 200 35.9 G
11438 202 34.7 G
11439 202 33.7 G
11440 197 34.8 G
11446 1 40.0 A
11447 195 35.5 G
11453 165 34.7 G
11456 167 35.3 G
11459 161 35.5 G
11467 144 35.5 A
11474 166 35.9 G
11475 166 35.3 G
11477 172 33.8 G
11478 172 34.6 G
11483 176 35.8 G
11484 172 36.0 G
11493 170 35.9 G
11500 1 16.0 A
11518 176 36.4 G
11520 1 27.0 C
11528 2 40.0 A
11531 171 34.5 G
11532 1 16.0 C
11536 1 16.0 C
11538 1 14.0 C
11546 172 35.7 G
11559 171 35.6 G
11561 162 36.0 G
11562 162 35.8 G
11577 167 35.6 G
11586 175 35.4 G
11592 223 36.9 G
11600 241 36.5 G
11611 270 36.0 G
11618 293 35.9 G
11625 1 16.0 C
11629 2 15.5 A
11634 364 36.5 G
11639 1 36.0 A
11642 397 35.7 G
11648 468 36.2 G
11651 517 36.4 G
11657 551 36.8 G
11659 1 14.0 C
11662 2 16.0 T
11664 1 27.0 T
11666 3 14.7 A
11670 2 14.5 A
11671 1 16.0 A
11679 651 35.8 G
11680 1 16.0 A
11682 681 36.1 G
11685 1 16.0 T
11690 768 36.1 G
11691 772 35.8 G
11693 796 35.5 G
11696 825 35.9 G
11698 1 16.0 C
11699 1 15.0 A
11704 1 16.0 C
11705 2 14.5 A
11707 1 39.0 A
11710 1 16.0 C
11711 948 35.7 G
11714 1 13.0 C
11715 3 31.0 A
11716 1 14.0 C
11717 976 35.4 G
11718 956 35.8 G
11719 7 19.0 G
11720 2 13.5 C
11725 2 23.0 A
11726 1 15.0 T
11729 1 15.0 T
11730 1 16.0 C
11731 1 15.0 A
11732 1 16.0 T
11738 2 23.0 T
11742 1357 35.6 G
11746 1 16.0 A
11747 1434 36.3 G
11750 1 16.0 A
11753 1 14.0 T
11754 1 16.0 C
11755 1 27.0 A
11757 3 23.3 A
11758 1 16.0 C
11760 1 39.0 A
11762 1863 36.6 G
11763 2 26.5 A
11764 1 15.0 A
11766 1937 35.9 G
11768 1 27.0 A
11770 1 13.0 T
11774 1 40.0 A
11775 2237 36.6 G
11776 2 21.5 T
11777 1 16.0 C
11778 2269 36.2 G
11780 3 20.7 A
11781 1 15.0 T
11782 2 15.0 C
11783 1 15.0 A
11785 1 16.0 A
11787 1 16.0 T
11789 3 19.0 C
11792 1 15.0 T
11796 2 21.0 A
11797 1 34.0 A
11798 2755 36.2 G
11799 2764 36.2 G
11804 2 23.0 C
11805 1 16.0 A
11806 1 16.0 A
11807 1 15.0 A
11809 2 15.0 T
11811 2 15.0 T
11812 16 36.1 A
11814 1 14.0 T
11817 1 15.0 C
11818 1 14.0 A
11819 1 16.0 C
11821 2 16.0 A
11822 1 27.0 A
11823 1 15.0 T
11824 1 15.0 A
11825 3298 36.7 G
11827 1 14.0 T
11829 1 16.0 T
11832 3458 35.9 G
11833 1 14.0 A
11834 1 16.0 T
11835 3543 36.1 G
11836 1 16.0 A
11837 1 16.0 C
11838 4 14.7 T
11839 2 15.5 T
11840 2 25.0 C
11843 3722 36.0 G
11844 1 16.0 C
11845 2 24.0 A
11847 3833 35.4 G
11848 1 16.0 C
11852 3955 36.1 G
11854 1 35.0 T
11855 3 18.3 A
11856 1 14.0 A
11857 1 16.0 C
11859 1 14.0 T
11860 1 16.0 C
11861 4101 35.9 G
11864 2 14.0 T
11866 1 16.0 A
11867 1 16.0 C
11869 1 14.0 C
11870 2 15.0 C
11871 1 14.0 C
11873 1 27.0 A
11877 2 16.0 T
11878 2 15.5 T
11879 2 16.0 A
11880 2 16.0 A
11882 1 15.0 C
11883 1 13.0 T
11884 1 39.0 A
11885 1 16.0 C
11886 1 34.0 T
11887 4382 35.1 G
11888 4381 34.1 G
11889 4385 35.3 G
11890 1 14.0 A
11891 4402 35.4 G
11892 5 14.0 A
11893 1 39.0 A
11897 1 15.0 T
11900 4417 36.5 G
11902 4407 35.1 G
11904 2 32.5 T
11906 4419 36.8 G
11908 24 34.9 A
11909 2 15.5 A
11912 1 14.0 A
11914 4432 36.9 G
11915 1 13.0 T
11916 2 16.0 T
11917 1 16.0 C
11922 4351 36.9 G
11926 6 15.5 A
11927 2 15.5 A
11928 1 16.0 A
11929 3 22.0 T
11930 3 15.7 A
11931 1 15.0 T
11933 4 18.2 A
11934 2 21.5 C
11935 2 14.5 T
11940 1 14.0 T
11941 4 21.7 A
11942 1 27.0 C
11947 4 32.5 A
11948 3752 36.7 G
11949 3729 36.2 G
11950 2 15.0 A
11953 3 23.7 C
11954 3 28.7 A
11955 14 36.4 A
11956 1 16.0 C
11959 1 16.0 A
11962 1 39.0 A
11963 3070 36.8 G
11968 2 26.0 A
11969 2954 36.1 G
11971 3 13.7 C
11973 1 14.0 T
11976 4 15.5 A
11978 3 16.0 T
11982 1 13.0 T
11983 1 27.0 C
11987 3 15.3 A
11995 2 21.0 C
11997 1 16.0 C
11998 2 21.0 A
12004 1 16.0 A
12006 1729 35.0 G
12007 1701 35.2 G
12008 1689 35.0 G
12009 1638 35.3 G
12010 1 14.0 C
12014 1 15.0 C
12017 1 27.0 A
12021 1 13.0 A
12023 1 14.0 C
12024 1 14.0 A
12031 1 36.0 C
12041 1 15.0 C
12044 2 13.0 T
12046 1 36.0 A
12050 1 16.0 A
12054 590 35.9 G
12056 553 34.0 G
12066 1 27.0 T
12067 1 36.0 C
12070 387 35.8 G
12076 1 15.0 A
12097 1 15.0 C
12113 111 34.7 G
12114 1 14.0 A
12120 1 16.0 T
12121 1 16.0 T
12125 67 35.7 G
12126 66 35.5 G
12127 52 35.9 G
12138 4 33.0 G
12256 2 40.0 G
12257 2 38.5 G
12275 2 36.5 G
12276 2 34.5 G
12283 2 37.5 G
12293 2 39.0 G
12294 2 35.0 G
12300 2 38.5 G
12301 2 36.5 G
12308 2 35.0 A
12315 2 34.5 G
12316 2 37.5 G
12318 2 34.5 G
12345 24 37.7 G
12372 1 40.0 G
12454 24 38.5 G
12457 29 36.4 G
12476 37 35.5 G
12482 1 16.0 T
12501 37 36.6 G
12503 37 34.7 G
12508 37 35.6 G
12514 37 35.8 G
12517 37 34.6 G
12528 16 35.1 G
12533 22 35.2 G
12539 23 34.9 G
12541 23 36.1 G
12547 1 15.0 A
12561 34 35.8 G
12572 42 37.8 G
12583 61 36.4 G
12604 1 16.0 A
12610 85 37.5 G
12613 97 36.6 G
12618 102 36.6 G
12622 107 37.8 G
12629 135 36.4 G
12630 135 36.4 G
12640 179 36.3 G
12651 198 37.0 G
12653 198 37.2 G
12667 209 36.9 G
12683 16 34.1 A
12684 245 36.8 G
12725 1 16.0 T
12728 1 16.0 T
12730 326 37.3 G
12736 338 37.1 G
12741 1 27.0 C
12756 385 37.2 G
12763 407 36.3 G
12764 414 36.3 G
12767 426 36.1 G
12769 459 36.3 G
12770 1 16.0 A
12771 452 36.4 G
12772 458 36.0 G
12773 458 36.3 G
12775 470 36.9 G
12778 472 37.4 G
12779 471 37.4 G
12780 2 16.0 A
12781 2 16.0 A
12782 1 15.0 T
12795 483 36.8 G
12798 1 16.0 C
12803 478 37.2 G
12806 469 37.2 G
12809 449 37.2 G
12811 1 16.0 T
12813 1 27.0 C
12814 448 36.2 G
12815 1 15.0 C
12818 451 36.0 G
12820 445 35.6 G
12823 439 36.9 G
12826 429 36.0 G
12828 1 14.0 C
12835 423 35.7 G
12838 374 36.6 G
12847 343 35.9 G
12856 1 16.0 T
12863 289 36.2 G
12868 267 34.6 G
12869 265 35.3 G
12871 262 34.9 G
12873 1 14.0 T
12877 231 35.8 G
12878 231 36.3 G
12884 1 27.0 T
12889 221 36.1 G
12895 229 36.4 G
12899 229 35.8 G
12903 1 16.0 T
12916 1 15.0 A
12923 222 36.2 G
12925 241 35.9 G
12940 237 36.2 G
12952 237 37.7 G
12956 1 39.0 A
12962 239 35.8 G
12979 249 35.2 G
12980 247 35.6 G
12986 1 15.0 T
12991 233 36.0 G
12993 1 27.0 A
12994 214 36.6 G
12997 210 36.6 G
13000 208 36.6 G
13001 206 36.8 G
13009 212 37.0 G
13018 216 36.6 G
13019 212 36.8 G
13031 224 34.5 G
13032 1 16.0 A
13036 1 16.0 C
13038 1 14.0 C
13042 204 35.9 G
13043 1 15.0 C
13048 194 36.3 G
13051 191 35.4 G
13052 187 35.7 G
13063 176 35.3 G
13065 1 16.0 C
13069 167 35.3 G
13085 126 34.8 G
13090 1 16.0 A
13093 114 35.7 G
13096 118 34.3 G
13099 115 34.3 G
13102 112 34.4 G
13103 111 36.1 G
13121 83 37.0 G
13135 77 36.9 G
13138 75 37.7 G
13145 78 37.5 G
13153 1 15.0 A
13163 1 15.0 T
13172 92 36.0 G
13174 1 15.0 T
13177 95 36.4 G
13178 95 36.5 G
13180 95 36.9 G
13194 97 36.8 G
13198 99 37.5 G
13201 100 37.5 G
13204 103 37.1 G
13208 97 37.3 G
13210 105 36.6 G
13218 1 16.0 A
13225 125 36.9 G
13240 148 36.6 G
13243 149 35.4 G
13259 160 36.9 G
13260 1 16.0 T
13267 167 36.9 G
13268 170 36.8 G
13279 183 37.1 G
13288 211 35.6 G
13289 215 35.3 G
13302 1 27.0 A
13309 230 36.4 G
13317 219 35.8 G
13325 220 35.6 G
13333 219 35.6 G
13342 1 16.0 A
13343 1 16.0 A
13345 230 35.7 G
13359 220 36.2 G
13361 217 35.1 G
13366 215 35.7 G
13367 213 34.6 G
13368 212 34.6 G
13373 1 16.0 T
13374 1 16.0 C
13378 1 16.0 C
13393 189 36.9 G
13399 185 36.2 G
13406 182 36.4 G
13410 1 14.0 A
13414 179 36.5 G
13415 175 36.3 G
13417 177 35.1 G
13418 177 34.8 G
13423 2 38.0 C
13424 1 15.0 T
13426 1 13.0 A
13434 1 31.0 A
13436 4 18.7 C
13442 1 15.0 C
13447 1 16.0 A
13451 1 15.0 C
13462 120 35.7 G
13463 120 34.6 G
13466 121 36.7 G
13471 112 36.9 G
13477 110 36.4 G
13480 110 36.4 G
13481 109 35.7 G
13498 86 36.2 G
13499 89 36.3 G
13513 78 36.6 G
13525 79 35.5 G
13531 84 35.6 G
13536 1 27.0 C
13544 1 27.0 A
13552 87 35.9 G
13556 96 35.3 G
13558 96 34.7 G
13579 90 35.9 G
13590 89 36.7 G
13595 88 35.4 G
13597 86 36.3 G
13604 87 35.9 G
13610 98 36.0 G
13633 96 36.3 G
13634 95 36.7 G
13637 89 36.0 A
13643 96 36.5 G
13651 1 34.0 A
13669 95 35.8 G
13703 96 34.5 G
13704 1 15.0 C
13707 97 31.7 G
13708 98 35.1 G
13710 6 36.7 A
13711 93 33.3 G
13714 103 32.9 G
13715 108 35.5 G
13718 104 34.7 G
13726 102 35.4 G
13729 100 35.5 G
13730 97 36.6 G
13731 1 13.0 A
13741 1 16.0 A
13752 1 13.0 T
13759 109 33.8 G
13762 1 14.0 T
13765 1 14.0 C
13768 1 13.0 T
13773 1 15.0 A
13783 1 16.0 C
13796 1 15.0 A
13804 131 33.9 G
13810 140 33.7 G
13813 136 34.8 G
13825 143 35.0 G
13826 153 34.9 G
13837 171 36.0 G
13841 1 14.0 T
13843 195 35.3 G
13856 1 27.0 T
13865 1 16.0 A
13868 1 14.0 T
13876 1 39.0 A
13889 260 36.6 G
13913 1 16.0 T
13915 334 36.3 G
13916 336 35.9 G
13918 2 20.5 T
13922 1 16.0 A
13928 341 36.4 G
13932 1 31.0 C
13933 1 27.0 A
13934 1 16.0 C
13937 1 14.0 A
13940 331 35.9 G
13957 344 36.3 G
13958 341 36.2 G
13968 331 37.2 G
13970 327 35.7 G
13980 319 35.5 G
13994 1 13.0 T
13996 301 36.3 G
14006 290 36.2 G
14011 282 36.5 G
14013 1 16.0 A
14016 265 36.4 G
14022 1 16.0 A
14024 1 39.0 C
14040 263 36.8 G
14044 1 14.0 C
14052 1 16.0 C
14073 1 27.0 C
14080 189 36.1 G
14081 188 35.9 G
14160 148 36.8 G
14162 155 35.7 G
14187 1 14.0 C
14198 141 37.5 G
14207 159 37.4 G
14220 1 16.0 A
14226 142 36.7 G
14243 142 35.2 G
14249 143 36.3 G
14258 136 35.4 G
14259 141 35.8 G
14268 168 36.9 G
14279 158 35.9 G
14301 1 16.0 T
14302 1 15.0 T
14305 180 36.5 G
14309 1 15.0 C
14318 1 15.0 T
14323 209 35.5 G
14332 1 34.0 A
14337 1 31.0 C
14348 1 16.0 T
14353 1 15.0 T
14354 1 16.0 T
14364 256 35.9 G
14365 1 16.0 C
14366 1 15.0 A
14368 1 16.0 C
14371 1 15.0 T
14382 1 13.0 T
14384 264 36.2 G
14386 2 20.5 T
14398 1 16.0 A
14403 1 16.0 T
14409 1 13.0 A
14410 256 35.5 G
14415 1 30.0 C
14422 1 16.0 T
14423 266 34.7 G
14427 1 13.0 C
14432 272 34.7 G
14438 278 35.7 G
14439 279 36.3 G
14440 2 21.5 A
14447 1 16.0 T
14453 294 35.8 G
14459 294 35.9 G
14462 286 35.4 G
14465 284 36.3 G
14466 1 15.0 T
14474 1 14.0 A
14476 265 36.1 G
14483 1 14.0 A
14486 1 15.0 A
14532 1 27.0 C
14536 1 14.0 A
14544 277 37.3 G
14560 242 35.4 G
14567 1 16.0 C
14569 231 36.1 G
14579 1 16.0 A
14585 1 27.0 A
14600 151 36.5 G
14601 145 36.3 G
14603 135 35.9 G
14606 129 35.5 G
14607 124 36.4 G
14612 114 37.3 G
14615 99 36.8 G
14655 42 37.1 G
14663 33 37.2 G
14681 16 38.2 G
14685 14 35.8 G
14686 14 36.7 G
14698 11 39.5 G
14705 9 38.4 G
14710 10 38.0 G
14721 7 37.6 G
14724 4 36.7 G
14739 2 39.0 G
14749 7 39.1 G
14760 33 38.2 G
14804 50 37.7 G
14831 19 36.6 G
14835 48 38.0 G
14838 48 37.6 G
14846 30 37.1 G
14847 31 34.9 G
14858 36 33.4 G
14859 36 36.5 G
14861 36 35.3 G
14865 36 37.6 G
14869 37 37.3 G
14888 71 36.5 G
14889 71 36.6 G
14900 83 36.6 G
14905 47 37.6 G
14918 57 37.4 G
14921 60 36.1 G
14930 63 35.8 G
14934 1 31.0 T
14945 82 37.0 G
14958 54 37.5 G
14960 56 37.3 G
14963 61 37.0 G
14972 63 37.3 G
14973 63 37.8 G
14976 66 37.0 G
14985 68 36.9 G
14996 66 37.6 G
15002 73 36.0 G
15003 73 34.8 G
15005 76 36.1 G
15024 88 36.6 G
15030 1 16.0 T
15036 1 15.0 A
15041 106 36.3 G
15042 108 35.4 G
15043 97 36.5 G
15045 102 36.9 G
15047 105 36.4 G
15048 104 37.4 G
15059 105 38.0 G
15060 105 37.8 G
15077 108 37.3 G
15079 1 16.0 A
15083 1 14.0 T
15084 120 37.5 G
15092 115 36.8 G
15093 115 37.6 G
15106 106 36.2 G
15110 105 37.9 G
15119 96 37.2 G
15125 107 36.5 G
15134 101 36.6 G
15135 101 36.9 G
15140 93 37.3 G
15148 90 36.2 G
15150 86 35.4 G
15152 85 35.0 G
15153 85 35.9 G
15168 75 36.6 G
15170 71 36.1 G
15171 71 34.0 G
15172 66 32.9 G
15173 66 34.1 G
15176 1 13.0 A
15179 67 37.7 G
15200 44 36.7 G
15212 1 34.0 A
15215 41 33.7 G
15216 42 34.8 G
15217 46 35.5 G
15221 42 35.6 G
15227 47 35.9 G
15234 48 35.5 G
15240 53 35.8 G
15242 52 35.9 G
15243 52 35.5 G
15245 51 33.2 G
15246 51 35.3 G
15254 53 35.7 G
15257 51 35.8 G
15261 56 36.3 G
15276 71 36.4 G
15278 1 14.0 T
15301 112 34.3 G
15314 129 34.6 G
15317 131 34.7 G
15323 137 35.3 G
15326 132 36.3 A
15339 1 15.0 T
15346 175 35.1 G
15350 191 36.9 G
15355 238 36.1 G
15356 236 35.4 G
15357 235 35.8 G
15359 1 14.0 T
15361 1 15.0 A
15374 314 36.1 G
15375 310 35.9 G
15380 1 38.0 A
15383 1 15.0 T
15392 350 37.1 G
15395 1 15.0 A
15399 1 34.0 T
15414 1 39.0 A
15417 1 27.0 A
15421 1 15.0 A
15422 1 16.0 A
15423 1 27.0 T
15428 654 36.3 G
15431 680 35.0 G
15433 2 20.5 C
15437 771 35.2 G
15438 784 35.1 G
15440 1 14.0 T
15443 2 21.0 C
15444 3 16.0 T
15447 3 15.3 T
15448 1 16.0 C
15453 2 14.5 T
15454 1 16.0 T
15455 1 16.0 C
15456 1 16.0 T
15460 1 15.0 C
15464 2 16.0 A
15465 1 16.0 T
15466 1330 36.1 G
15471 1 16.0 T
15474 2 21.5 C
15476 1 16.0 C
15482 2 16.0 T
15483 1 16.0 C
15484 2 15.0 A
15487 1 14.0 A
15488 1763 36.4 G
15489 3 37.3 A
15490 2 15.5 C
15491 1 13.0 C
15497 2019 35.8 G
15498 2031 35.5 G
15500 2108 35.2 G
15501 3 25.7 A
15503 3 18.0 C
15504 2 14.0 C
15505 3 21.0 A
15506 2215 36.8 G
15509 1 14.0 A
15510 4 21.2 A
15511 1 15.0 T
15512 2 16.0 T
15513 1 31.0 A
15516 1 16.0 C
15520 2 28.0 A
15521 2564 36.3 G
15524 1 14.0 A
15525 1 16.0 A
15528 1 14.0 C
15529 1 13.0 C
15530 2 14.5 T
15531 1 16.0 T
15532 1 16.0 A
15535 1 39.0 C
15536 2 15.0 A
15537 2 21.5 C
15538 1 13.0 C
15539 1 13.0 C
15544 1 15.0 C
15545 3 13.7 C
15546 2 13.5 A
15548 1 13.0 A
15551 1 15.0 A
15552 1 16.0 A
15553 3430 35.7 G
15555 2 21.0 C
15557 3577 36.5 G
15561 3760 36.5 G
15562 2 21.5 A
15564 1 16.0 A
15565 1 34.0 T
15567 1 15.0 T
15570 1 15.0 T
15574 2 23.0 C
15575 4262 35.8 G
15578 1 14.0 T
15579 2 16.0 A
15580 1 35.0 C
15581 1 14.0 A
15583 2 15.0 A
15584 3 19.3 A
15585 1 13.0 T
15586 1 15.0 T
15587 1 27.0 C
15588 2 16.0 T
15589 3 16.0 C
15591 4824 36.5 G
15592 1 14.0 A
15593 1 14.0 T
15595 2 26.0 C
15596 5003 36.7 G
15599 2 20.5 C
15600 1 14.0 C
15601 1 13.0 T
15603 2 25.0 A
15605 1 15.0 A
15606 1 40.0 A
15607 51 36.1 A
15610 1 16.0 A
15611 5377 36.7 G
15612 5398 36.5 G
15613 3 24.0 A
15614 5409 35.8 G
15615 5431 36.2 G
15617 5540 36.3 G
15618 2 13.5 T
15620 1 14.0 C
15621 1 14.0 T
15623 5718 35.7 G
15624 1 16.0 C
15625 2 14.0 C
15626 1 27.0 C
15627 4 21.0 T
15628 3 16.0 A
15629 4 15.0 T
15631 1 15.0 A
15632 1 16.0 C
15634 2 14.5 A
15635 2 14.5 T
15636 1 16.0 C
15637 4 20.5 C
15638 1 15.0 A
15641 1 15.0 C
15642 3 15.0 T
15644 1 15.0 A
15645 7 20.3 T
15647 2 16.0 C
15648 3 14.7 T
15650 5885 37.0 G
15652 2 14.0 A
15653 3 15.7 A
15655 1 16.0 A
15656 2 15.5 A
15657 2 21.5 T
15658 1 16.0 C
15659 6 18.5 C
15660 1 15.0 C
15662 5 17.6 A
15663 1 15.0 T
15664 1 27.0 C
15665 1 15.0 C
15666 1 15.0 T
15667 2 40.0 C
15668 2 14.5 C
15669 3 23.0 A
15670 1 16.0 T
15671 2 30.5 A
15672 2 15.5 T
15673 4 15.7 A
15675 1 39.0 C
15676 1 16.0 C
15677 5 19.8 A
15678 4 15.7 A
15679 6 19.0 A
15681 2 25.5 A
15682 2 28.0 A
15684 2 14.0 A
15685 2 15.5 A
15686 3 31.3 A
15687 5214 36.7 G
15689 1 14.0 A
15691 2 27.5 A
15692 2 27.5 A
15693 1 16.0 T
15694 2 16.0 A
15695 3 19.3 T
15696 1 15.0 T
15698 2 14.5 C
15699 4700 35.9 G
15700 1 39.0 C
15701 2 34.5 C
15702 1 14.0 C
15704 2 21.5 C
15705 1 14.0 T
15706 1 16.0 A
15707 1 16.0 A
15708 4453 36.4 G
15709 1 15.0 C
15710 1 14.0 C
15711 1 14.0 A
15712 1 16.0 A
15715 1 13.0 A
15716 1 15.0 C
15717 1 15.0 T
15719 1 16.0 T
15720 1 16.0 A
15721 1 15.0 T
15722 1 16.0 T
15723 3740 35.5 G
15724 1 16.0 A
15726 1 15.0 T
15728 1 31.0 C
15729 1 15.0 T
15730 1 34.0 A
15731 3454 36.4 G
15734 3385 36.3 G
15735 1 14.0 C
15737 3279 35.5 G
15738 1 39.0 A
15739 1 14.0 C
15740 1 14.0 C
15741 2 13.0 T
15745 1 16.0 C
15746 3 14.3 A
15748 1 16.0 T
15749 1 30.0 C
15750 2 23.0 T
15753 1 16.0 C
15755 2 13.5 T
15756 2506 36.8 G
15761 2326 36.9 G
15762 2292 37.1 G
15764 2222 35.5 G
15765 2188 36.1 G
15767 1 39.0 C
15768 2 26.5 A
15769 2 40.0 A
15772 1 40.0 A
15773 1852 37.1 G
15777 1675 36.4 G
15779 1 14.0 T
15782 1 15.0 C
15784 2 14.5 T
15790 1 14.0 C
15792 1 16.0 T
15794 1 13.0 A
15797 1012 35.4 G
15798 995 36.2 G
15803 811 36.7 G
15806 738 36.4 G
15809 1 15.0 T
15812 627 37.0 G
15837 1 13.0 T
15849 1 16.0 C
15863 107 36.1 G
15882 55 37.0 G
15883 53 37.5 G
15884 50 37.9 G
15888 4 39.0 G
15894 4 37.5 G
15897 4 34.7 G
15959 5 38.0 G
15961 5 38.0 G
15967 5 38.6 G
15986 5 38.0 G
15995 5 39.8 G
16000 5 39.4 G
16023 2 40.0 G
16156 1 36.0 G
16196 2 36.0 G
16204 2 40.0 G
16208 2 40.0 G
16213 2 39.5 G
16244 6 35.2 G
16255 6 39.0 G
16273 5 38.6 G
16274 9 35.4 G
16303 16 37.6 G
16310 16 36.4 G
16319 19 37.7 G
16329 18 34.8 G
16336 18 37.2 G
16346 16 37.6 G
16361 18 36.7 G
16369 25 36.4 G
16370 27 33.9 G
16371 1 39.0 A
16373 24 34.2 G
16384 24 36.5 G
16388 23 37.2 G
16389 23 35.1 G
16390 23 35.2 G
16391 23 37.8 G
16412 21 36.4 G
16414 20 36.9 G
16428 20 38.3 G
16434 24 35.7 G
16436 24 37.8 G
16438 24 38.4 G
16450 26 36.7 G
16455 24 37.3 G
16456 24 37.1 G
16457 24 38.2 G
16470 18 36.7 G
16471 18 37.2 G
16472 18 36.8 G
16473 18 36.6 G
16474 18 38.6 G
16477 16 39.1 G
16483 16 38.2 G
16485 16 38.6 G
16490 17 38.3 G
16496 17 38.9 G
16503 13 38.5 G
16504 13 38.1 G
16516 13 37.4 G
16517 13 34.9 G
16518 13 38.1 G
16526 11 38.5 G
16535 6 38.2 G
16543 4 38.0 G
16558 1 40.0 G
16566 1 40.0 G
16569 1 40.0 G
