	0	1	2
AAACGCTGACGTGT-1	1.0	4.230345419325508e-29	3.2698617797533674e-21
AAACTTGATTCCCG-1	1.4577880776149855e-22	2.2015154672144597e-25	1.0
AAAGACGAAGCCTA-1	4.176994064989456e-16	5.797839224894113e-18	0.9999999999999996
AAATCATGTATCTC-1	4.345311557425254e-12	0.9999999999956547	7.62425396874266e-19
AAATTGACGACGAG-1	0.9999999999952861	1.9234491349709493e-16	4.713663676701334e-12
AAATTGACTAGCCA-1	0.999979207369638	2.06193379208474e-05	1.7329244111902086e-07
AACACTCTGCAGAG-1	5.336700250328303e-11	7.022721678117759e-19	0.999999999946633
AAGAATCTAACCTG-1	0.0	0.0	1.0
AAGCAAGAAACGAA-1	0.9999999999322975	6.713823769174968e-11	5.642565941991993e-13
AAGCGTACGGACAG-1	1.27629164955942e-18	1.0	2.2349491088837496e-25
AAGTAACTTCCTAT-1	0.9999999998149742	1.8348464122346484e-10	1.5411630478804234e-12
AAGTTCCTTCCCGT-1	0.9999999063163255	1.6826685987471974e-17	9.36836745137305e-08
AATACTGACAGGAG-1	0.9999924727595982	7.464533578792933e-06	6.270682296650705e-08
AATAGGGAAGCACT-1	9.455962079083063e-21	9.639231417708207e-17	0.9999999999999999
AATCGGTGATCGAC-1	1.0	0.0	0.0
AATCTCACCACTTT-1	0.0	1.0	0.0
AATGATACGCGTTA-1	0.0	1.0	0.0
AATGTAACACCATG-1	9.659430977118233e-14	0.9999999999998594	4.388777877104674e-14
AATGTAACCCTCGT-1	0.9999999971416121	1.3706707771697419e-11	2.844681133312455e-09
ACAACCGATCTCCG-1	0.9999991092036826	2.1424209606769646e-14	8.90796296043924e-07
ACAATAACGGAAGC-1	0.0	0.0	1.0
ACAGTGTGGCATAC-1	2.3454963724153452e-21	1.0	2.003477330674548e-21
ACCAGCCTGGAAAT-1	1.5837622607387308e-19	1.0	2.256564178005822e-17
ACCCACTGTTGAGC-1	0.0	0.0	1.0
ACCGCGGATCGTAG-1	0.0	1.0	0.0
ACCGTGCTAAAACG-1	1.0	3.379725464669013e-22	2.839700991517331e-24
ACGACCCTCGACAT-1	0.0	0.0	1.0
ACGCTGCTGGGTGA-1	0.9999999999975365	9.885120476329995e-17	2.4634401036766437e-12
ACGGCGTGATTTCC-1	0.9999999999999631	6.630182168698607e-24	3.691964874355988e-14
ACGGTCCTGATACC-1	1.9399147050087312e-35	1.0	1.8249617991543684e-35
ACGTCCTGCCAACA-1	1.0	8.94677047659017e-18	4.852417953998356e-18
ACGTGATGCGTACA-1	0.9999999998886046	6.951102162687107e-15	1.1138848907174894e-10
ACGTGATGTGGTGT-1	0.9999999997842988	1.8271043273297745e-14	2.1568284583031098e-10
ACGTGATGTTCGGA-1	1.5739059653965935e-23	2.2395559322266054e-25	1.0
ACTCCTCTTGTCCC-1	8.633863007387593e-24	1.0	1.1765575804867742e-21
ACTCTATGATTGGC-1	0.0	1.0	0.0
ACTCTCCTTTGGTG-1	1.4087234553251644e-16	0.9999999999999798	2.008584165534152e-14
ACTGAGACTTCGTT-1	5.375802228317148e-12	1.2612146380074746e-14	0.9999999999946116
ACTTAAGATATGGC-1	0.0	0.0	1.0
ACTTCTGACCCTCA-1	4.8084861003019315e-14	1.439049067266063e-22	0.9999999999999519
ACTTTGTGCAGAGG-1	0.9999994114962198	1.0062529531273338e-13	5.885036797126454e-07
AGAAAGTGTCGTTT-1	4.2662436880812743e-19	1.672923812580385e-26	1.0
AGAACAGATTGGTG-1	4.6440557607868295e-15	3.6604655159073615e-18	0.9999999999999953
AGAAGATGAGGAGC-1	1.797423778768806e-17	1.0	8.165387457356975e-18
AGAATGGAACTACG-1	0.0	1.0	0.0
AGAATTTGTCTCCG-1	3.53985599091092e-21	1.0	8.08616811288733e-23
AGACACACGGCAAG-1	0.9999999999945318	1.362795525466788e-21	5.468182006075978e-12
AGACCTGAAGTAGA-1	8.304736684060324e-17	1.0	1.5478743873737225e-18
AGACCTGAGCTCCT-1	0.9999999994881359	9.192266080120972e-20	5.118641180595136e-10
AGAGTGCTAATCGC-1	0.9997942836677272	3.694826953654062e-14	0.0002057163322359397
AGATATTGAACAGA-1	3.0226542983564306e-28	1.0	4.178971641076846e-26
AGATCGTGGGGATG-1	4.188220286927572e-15	0.9999999999999959	1.359174725661355e-21
AGCGATACTCAGTG-1	1.342228914976075e-16	0.9999999999999998	6.101359207348274e-17
AGCGATTGTCTAGG-1	0.9999999999999856	5.731192723721118e-19	1.440454710015122e-14
AGCGGGCTGAAAGT-1	0.0	0.0	1.0
AGGGACGACAACCA-1	0.0	0.0	1.0
AGGGAGTGGCGTTA-1	3.649422381176029e-17	1.0	4.867622640849507e-20
AGGGCGCTCGTACA-1	6.598379688354571e-33	1.0	9.06963971762501e-31
AGGTGGGAAGCTCA-1	0.9999999999999982	6.964065422588023e-20	1.7515699707363086e-15
AGGTGTTGGAGCAG-1	0.9999999999999404	5.387492408310547e-16	5.914574690257871e-14
AGTAAGGACTACCC-1	2.55171691193739e-08	4.531118546448048e-19	0.999999974482831
AGTAATTGCGAACT-1	8.282825032699022e-17	1.69832357669603e-11	0.9999999999830167
AGTGCAACACGGAG-1	1.0	6.952994551461451e-30	6.298305888112015e-25
AGTGTTCTCTCAAG-1	1.1212919698315234e-22	1.9842430631042832e-33	1.0
AGTTGTCTTAAGCC-1	4.73213602862778e-26	4.240682307828031e-22	1.0
AGTTTAGACTCTAT-1	4.1526372868592456e-16	0.9999999999999996	9.617247248954165e-18
ATAAGTACTGCTAG-1	7.628369060591115e-18	1.4908452171274882e-12	0.9999999999985092
ATACAATGGATGAA-1	0.0	1.0	0.0
ATAGCCGAGAGGAC-1	0.9999999927734295	8.131619021502652e-14	7.226489176111212e-09
ATATGAACTTGCGA-1	1.0	1.6390305155027978e-28	4.740394407693269e-31
ATATGCCTAGAGAT-1	2.910547181472875e-10	5.1418044316329285e-21	0.9999999997089454
ATCCGCACTAGACC-1	1.217654239563548e-22	1.3760258904366893e-26	1.0
ATCCTAACGTCGTA-1	2.724957427597309e-14	6.652652950476246e-17	0.9999999999999727
ATCGACGATCAGAC-1	1.0	7.683903918372266e-27	8.606115205007904e-19
ATCGGAACCAGGAG-1	0.9999999999882083	1.0542732640523718e-19	1.1791677948519605e-11
ATCTCAACATGCCA-1	6.241285063833598e-41	2.1337861406184968e-38	1.0
ATCTCAACTGTTCT-1	0.0	0.0	1.0
ATGAGAGAGGTACT-1	6.728455338313037e-06	0.999993271543495	1.166644046212349e-12
ATGCGATGATCAGC-1	0.9999999998924491	1.0121500828470998e-10	6.335786834812776e-12
ATGTTAGAAGTCTG-1	2.5199509737512305e-24	1.0	1.0234865994021077e-24
ATTACCACGGTAGG-1	4.1659108028979724e-07	0.9999995834088465	7.309425056733547e-14
ATTATGGACCTTAT-1	0.0	0.0	1.0
ATTCAAGATTCGCC-1	1.5958532127495237e-17	1.0	3.7448773329358524e-19
ATTCCAACTAGACC-1	0.8335886512893198	2.8444961667111915e-08	0.16641132026571864
ATTCTTCTGTTGAC-1	0.0	1.0	0.0
ATTGATGATAGCGT-1	3.1024337190820653e-16	0.9999999999999991	6.659843045755619e-16
ATTGCACTCCTACC-1	2.2682733132241247e-27	1.0	3.2368494462026342e-25
ATTGCGGATATGGC-1	5.6614612993353724e-30	1.0	1.6184828773374625e-28
CAAACTCTCTTACT-1	6.536103555368527e-13	1.595710382891447e-15	0.9999999999993447
CAACGTGACTCTAT-1	2.37852228295093e-11	2.115636568137733e-15	0.9999999999762126
CAAGGTTGTGTGGT-1	0.9999999999997884	2.116631727280304e-13	1.4213113386082763e-22
CAAGTTCTCTTCGC-1	2.844641020990112e-09	4.106760172608378e-20	0.999999997155359
CAATCTACCTGTCC-1	1.0	2.3811731656030507e-31	6.968175562297181e-27
CAATTCACGGGAGT-1	0.8334366951087171	2.847219778776752e-08	0.1665632764190852
CAATTCACGTACCA-1	0.910009077033437	1.6164245904286412e-11	0.08999092295039862
CAATTCTGGGTATC-1	0.9999943492702564	5.603652932371121e-06	4.707681118547276e-08
CACAATCTCTGCTC-1	0.0	1.0	0.0
CACCGGGACTCTCG-1	1.0	5.887618064720268e-25	1.4805878904392286e-20
CACCGGGAGTTTGG-1	0.833436695084183	2.8472197751887273e-08	0.1665632764436192
CACCGTACATGCTG-1	0.9999970402392614	5.060794948582969e-13	2.9597602325209348e-06
CACGCTACTACTTC-1	0.0	0.0	1.0
CACTAACTGGGACA-1	0.99999999999999	7.418808971694387e-19	1.00534081947358e-14
CACTAGGACCAATG-1	0.9999924565589678	7.480691239105724e-06	6.274979300845963e-08
CACTTAACACGTAC-1	0.0	1.0	0.0
CAGACCCTCTAGTG-1	7.088062382029841e-35	2.5172576981042887e-32	1.0
CAGACTGATGACAC-1	0.9999999998834123	7.373750865986285e-15	1.1658042801024328e-10
CAGCAATGGTACCA-1	1.0	6.498341094837529e-31	1.8388380639896562e-26
CAGCACCTATCTCT-1	5.941870636234518e-21	7.818032175213194e-29	1.0
CAGGGCACTGGTTG-1	0.0	0.0	1.0
CAGGGCACTGTGCA-1	3.289594995412462e-19	1.0	7.648910296836438e-21
CAGTTACTGGTTTG-1	0.16688326234662765	5.701132843919175e-09	0.8331167319522395
CATCAACTACAGCT-1	1.0	1.76476749951444e-32	4.622149394712279e-28
CATCCCGAACGGTT-1	1.6276847595149245e-15	1.9959930614874782e-19	0.9999999999999984
CATCCCGACGATAC-1	3.7518796381956154e-24	1.1832192355598102e-23	1.0
CATGCGCTGGCAAG-1	1.0	0.0	0.0
CATGGCCTCTAGAC-1	0.9999999999999994	5.315300381537528e-18	5.752429708477187e-16
CATGTACTGTCATG-1	1.3012000381626808e-21	6.686276860783204e-16	0.9999999999999993
CATTCCCTTGTCTT-1	1.0	0.0	0.0
CATTGTTGTTCTTG-1	1.3790675530586564e-24	1.0	2.0438629360657548e-22
CATTTGACAGGTCT-1	7.826984702111734e-20	1.0	3.5560248581307616e-20
CCACCATGAACCTG-1	4.045345809739949e-24	1.0	1.4690427314374095e-22
CCACTGTGATGGTC-1	1.0	7.969928688632536e-29	2.640032568189987e-25
CCACTTCTCTGTAG-1	1.142617070632223e-20	1.0	5.0705101797539834e-26
CCAGAAACCACACA-1	7.579494251060398e-17	1.345881397279269e-27	1.0
CCAGCTACGTAAAG-1	3.4344553373095704e-12	0.9999999999965655	6.0118872952123015e-19
CCAGTCTGAATCGC-1	1.1191162414993103e-14	1.5525332375800423e-16	0.9999999999999887
CCCAAAGACTAGAC-1	4.5141705052144045e-27	1.1857363386014082e-25	1.0
CCCAACTGATGTCG-1	6.384562999135523e-20	1.1318720380485903e-30	1.0
CCCATGTGTATTCC-1	7.383731927183558e-12	0.9999999999926164	1.2735153385543957e-18
CCCTGATGTGGAGG-1	2.543275777903133e-26	5.18243826194328e-21	1.0
CCGATAGAAGAGAT-1	5.159605891133431e-20	1.0	2.3441565404144868e-20
CCTGACTGCCTTCG-1	2.82213410667302e-29	1.4471079650267454e-26	1.0
CCTGCAACGAGGCA-1	3.748403313615575e-29	6.064767299681065e-40	1.0
CCTGCAACGTGTAC-1	5.93240681426198e-22	1.0	2.6533676482125007e-27
CGAATCGAAAGTAG-1	4.631772025453911e-14	1.5597322452208204e-21	0.9999999999999537
CGACCGGAATCTCT-1	2.1212724840257958e-29	4.4495642794638313e-32	1.0
CGACTGCTCCTTCG-1	0.9999999999983507	8.191934778243254e-22	1.6493371816193651e-12
CGAGGGCTGGAAGC-1	6.213380008793917e-18	1.0	1.4592652091168948e-19
CGAGGGCTGGGCAA-1	0.9999829773791282	1.6880763068185273e-05	1.4185780367954944e-07
CGATACGAGATACC-1	1.4588502608638184e-09	2.5836424630273954e-20	0.9999999985411497
CGCACTACGTTACG-1	0.9999999999991789	3.9623572264604496e-19	8.210827750988127e-13
CGGATATGAACCGT-1	0.0	0.0	1.0
CGGGACTGCCACAA-1	0.9999999999999819	6.398067269973506e-18	1.8197540789988634e-14
CGTACAGAGGAAAT-1	1.7639852486871053e-16	0.9999999999999998	7.989032027516836e-17
CGTCCAACTGAACC-1	3.961503161689705e-06	0.9999960384961432	6.952035385001827e-13
CGTGATGATGCGTA-1	0.0	1.0	0.0
CGTGCACTCAATCG-1	0.999999999883129	1.1589675212986513e-10	9.740394469869109e-13
CGTTATACCAACCA-1	1.7412002626572665e-24	1.9032209016292367e-24	1.0
CTAAGGTGACGGAG-1	1.2120746551853826e-22	1.0	5.489446834793615e-23
CTAAGGTGCCACAA-1	1.0	1.474967369176144e-18	1.1220872100224516e-19
CTAATAGATTTGGG-1	2.00747854855462e-21	0.9999999915668382	8.433161809179472e-09
CTACTATGGTTGCA-1	0.9999791938310294	2.063276353436758e-05	1.734054362583575e-07
CTACTCCTGCTAAC-1	0.0	1.0	0.0
CTAGAGACGGGTGA-1	1.3691024546913573e-33	1.94987925060464e-29	1.0
CTAGGTGAAGTTCG-1	1.023170278228291e-18	1.0	1.626333328703045e-23
CTATCATGAACCAC-1	0.9999830064053297	1.6852093488153234e-05	1.4150118219956323e-07
CTATGTTGCACTTT-1	1.240854843072544e-14	3.7174338766343624e-23	0.9999999999999877
CTCAGCACGTAGGG-1	0.9999999948856161	1.4177937091368986e-12	5.112966183848442e-09
CTCGAAGAGTTGAC-1	3.2705399077460495e-21	4.029158133933451e-25	1.0
CTCGACACAGAGAT-1	9.626845266794702e-25	1.5973522300844918e-35	1.0
CTCTAATGGGATTC-1	0.9999999999999871	5.151379652441382e-19	1.2954394991231406e-14
CTGAACGAAGCACT-1	0.9999999999725624	2.7205597655672112e-11	2.3201983079281914e-13
CTGACAGAAAAACG-1	3.567525692779281e-08	0.9999999571970933	7.127649582842286e-09
CTGGCACTGGTACT-1	4.613222394402887e-14	7.966138223127847e-16	0.9999999999999531
CTTAGGGAAAGGCG-1	0.0	0.0	1.0
CTTTACGAATCAGC-1	1.073581922480278e-18	1.2122640585711142e-22	1.0
CTTTAGACAAGATG-1	8.508937548569397e-20	1.0	7.23515515070952e-20
CTTTAGACAGAGGC-1	0.0	0.0	1.0
CTTTCAGACAAAGA-1	0.9999999999999899	3.1866491456765068e-22	1.0145737774402687e-14
GAAAGATGCCGCTT-1	0.9999999998169555	1.3928034133957301e-14	1.8303049273161523e-10
GAACGTTGCTTGGA-1	1.268256060089441e-16	1.7383527430167293e-27	0.9999999999999999
GAAGGTCTATCGAC-1	1.3186314070417177e-25	2.59917868001779e-20	1.0
GAAGGTCTTCGCTC-1	0.9999999947557181	1.432759945561851e-12	5.242849224000726e-09
GAAGTCACCGCATA-1	1.0	1.1087885461164726e-37	3.1541285912022886e-33
GAATTAACACGTGT-1	4.393241260113264e-22	1.0	4.0154947237168868e-22
GACAGTTGGCAAGG-1	8.692269381148332e-16	0.9999999999999987	3.951591433484289e-16
GACCTAGACGATAC-1	1.0	0.0	0.0
GACGAGGATTGCTT-1	0.9999839796607594	1.588683826494716e-05	1.3350097579211243e-07
GACGCTCTTCCTTA-1	2.247037683336692e-18	1.0	4.246515035264607e-20
GACGTAACGTATGC-1	1.1947909031061376e-26	1.1344735392444131e-24	1.0
GAGATCACCCTTGC-1	0.9999999997497326	2.7134227434720592e-14	2.5024023479737825e-10
GAGGGAACTTCTTG-1	0.9997819615446019	3.727131873333373e-11	0.000218038418126754
GAGGGTGAATACCG-1	0.9999999999999999	9.946065278459343e-25	1.1152777666940447e-16
GAGGTTACAGAAGT-1	9.464453889355917e-22	1.580584201914317e-16	0.9999999999999999
GAGGTTTGGCCAAT-1	0.0	1.0	0.0
GAGTGACTAATGCC-1	0.0	1.0	0.0
GATCCGCTTATTCC-1	6.775640781266072e-12	2.048661995657434e-20	0.9999999999932244
GATTGGACCGACTA-1	6.8251335655929165e-09	0.9999999931748654	1.1946808340044685e-15
GATTTGCTCTGCTC-1	0.9999999937063734	1.1976675112934444e-15	6.293625380448674e-09
GCACAATGGTTCGA-1	8.037679882302219e-17	0.9999999999999999	1.8387574670447e-18
GCACCTACTGTTCT-1	4.2355755772857227e-16	0.9999999999999996	7.431152856770824e-23
GCAGCCGAGTAGCT-1	3.6649102093535754e-17	1.0	6.414097947777211e-24
GCAGCTCTGAGCTT-1	1.6012847404106687e-17	1.963619314137845e-21	1.0
GCATTGGACACTGA-1	0.9999999999900794	8.834325483456469e-20	9.920612118197178e-12
GCCACGGAACCGAT-1	1.0	1.1368971021758151e-36	2.9757163936125384e-32
GCCATGCTTGTGAC-1	0.9999999999977437	2.2167944636622222e-20	2.2563347402804754e-12
GCCCAACTGTGTCA-1	9.233295193184548e-12	0.9999999999907667	1.600655256466761e-18
GCCCAGGAGATAGA-1	4.2117232415363977e-23	0.999999999999999	8.938725319637225e-16
GCCGAGTGCCTGTC-1	3.308215083293859e-16	3.152711021099703e-14	0.9999999999999681
GCCTAGCTTGCCCT-1	8.241056690119743e-25	6.017915017429453e-33	1.0
GCGCACGAGCGATT-1	1.0	2.3366812666447634e-24	6.713187298649243e-27
GCGGAGCTCCAAGT-1	0.9999999999999999	1.635485854399401e-18	1.7699879026915995e-16
GCTCAGCTGGGAGT-1	1.0298258539711738e-27	1.0	1.4695611385803563e-25
GCTCCATGCATCAG-1	1.0	7.990143743754961e-29	9.297631440785138e-28
GGAACTACACTTTC-1	1.0	2.3833824477100408e-31	1.3269040788243558e-21
GGAACTACGGGTGA-1	0.9999999999930143	4.482497560850439e-18	6.985780065279941e-12
GGAACTTGCTGTGA-1	0.9999999997741096	1.980422545850856e-14	2.2587066985110946e-10
GGAATGCTCCCACT-1	0.0	1.0	0.0
GGAGGCCTTTCGGA-1	1.0	1.0468772028223494e-19	3.006211476068375e-22
GGATACTGAGTACC-1	0.0	0.0	1.0
GGATGTTGTTCCCG-1	0.0	1.0	0.0
GGCACGTGATTCTC-1	0.9999999999514702	8.29782097758828e-18	4.8529980740139835e-11
GGCCGAACCTGAAC-1	7.272679201145206e-22	6.406292710566935e-26	1.0
GGCGGACTCCTGTC-1	3.893546335683703e-16	0.9999999999999996	6.674158055870163e-23
GGCTAATGCCATAG-1	1.046435583178667e-20	1.0	4.754498579601432e-21
GGGAAGTGCTGGTA-1	1.0	3.315794802531619e-30	8.697376839714426e-26
GGGAAGTGGTCTGA-1	7.539461739561881e-19	1.0	1.2948787695349853e-25
GGGACCTGGCTACA-1	3.695958207250689e-19	6.172451031696336e-14	0.9999999999999383
GGGCCATGCCATAG-1	1.0	4.652092541433971e-42	1.3233599931261703e-37
GGGTTAACACGTTG-1	1.0	5.597812523606955e-37	1.6789468427367412e-32
GGTACAACCTCTTA-1	1.5820040579583723e-16	3.2641681240634652e-21	0.9999999999999999
GGTACATGGGCAAG-1	3.28319132518421e-22	1.0	2.6193414152419538e-24
GGTATCGACCATAG-1	0.9999999999982951	3.0481203185421758e-22	1.7048931073811307e-12
GGTATGACCATCAG-1	0.0	0.0	1.0
GTAAGCTGCTATTC-1	0.0	1.0	0.0
GTAGCAACTTCACT-1	0.9999999997374784	2.1833743382854588e-12	2.603381056875429e-10
GTAGTGTGTTGCTT-1	1.0	5.993355835561483e-25	3.505194195933446e-18
GTATGGTGCATCAG-1	0.9998687828931297	2.2430147095100232e-11	0.000131217084440063
GTCATACTCGTTGA-1	0.9999999999900253	1.7054563282882463e-18	9.97476967445298e-12
GTGTGATGTTGCAG-1	5.314568808189379e-09	0.9999999946854302	9.324476682204777e-16
GTTAGGTGGAACCT-1	0.0	0.0	1.0
GTTATAGATAGACC-1	0.9999999999999818	1.8156284768858966e-14	5.2220851490960505e-17
GTTCAGGACTTGGA-1	1.0118007136801988e-10	0.9999999998988199	3.385502249506983e-17
GTTTAAGACCCTAC-1	0.9999999948881131	1.4175063000157546e-12	5.1104695648843615e-09
TAAGGCTGCCAACA-1	0.9999999926380161	7.30860293658971e-09	5.338095517681082e-11
TAAGTCCTTGGAGG-1	1.337604572952186e-12	1.5525370692280954e-16	0.9999999999986622
TAAGTCCTTGTCAG-1	3.6383769479629255e-18	2.2331350559774905e-26	1.0
TAATGAACATGTGC-1	0.0	1.0	0.0
TAATGAACCGCCTT-1	0.9999999999999998	1.0638695312521077e-20	2.675997257507853e-16
TACAAATGGAAGGC-1	6.589406308802798e-06	1.170089871498674e-16	0.9999934105936911
TACGGCCTAATGCC-1	5.88108007324174e-16	0.9999999999999991	2.671744963386439e-16
TAGAATTGGCTAAC-1	0.9999999999999999	2.246660483721959e-26	1.2566158101748548e-16
TAGATTGATGCAAC-1	1.0	1.5981298152501537e-19	1.3431340027478112e-21
TAGCCCTGTGCACA-1	0.9999949266292	9.110967734159753e-16	5.073370799129543e-06
TAGCTACTACCATG-1	1.675160482533708e-28	1.0	5.759406249350787e-27
TAGGAGCTGACAAA-1	2.0457973268948808e-20	1.0	4.11073230796745e-22
TAGGGACTGTCTTT-1	3.253297135891444e-11	9.736708082735152e-20	0.999999999967467
TAGGTGACCAGTCA-1	0.0	0.0	1.0
TAGTATGAGCCTTC-1	0.09032506055363282	1.6043522456739868e-12	0.9096749394447629
TATACCACCTGTTT-1	0.0	0.0	1.0
TATCAAGACTAGAC-1	0.9999999999999996	5.217075391431591e-16	1.4978991673244396e-18
TATCAGCTTTTCTG-1	1.0685419847195052e-24	1.0	2.273365973620948e-29
TATCCTGATTCTCA-1	0.0	1.0	0.0
TATCGACTACAGCT-1	6.293430611016693e-18	8.400283961689843e-09	0.9999999915997161
TATCGTACGAGGGT-1	0.9999999999999999	1.1914805830936567e-16	1.001368712051302e-18
TATCGTACGTCTAG-1	0.0	1.0	0.0
TATCTGACGTTCTT-1	0.999999999962919	3.6771948740700915e-11	3.0904456292852517e-13
TATCTGACTTGGCA-1	0.0	0.0	1.0
TATCTTCTCCAATG-1	1.2893383284271466e-23	1.0	5.1152991026683985e-24
TATGTGCTTGTCGA-1	1.786431124617099e-11	0.9999999999821357	3.1344511875573e-18
TCAAGGACGTGAGG-1	0.0	1.0	0.0
TCAAGTCTAAGTGA-1	3.698094276686658e-21	1.0	1.6799727494240704e-21
TCAGTACTTCACGA-1	0.9999999845674957	4.788706538152403e-16	1.5432503805950344e-08
TCAGTACTTTCTAC-1	0.9999999999917735	3.9954748677351995e-21	8.226495813307746e-12
TCATCAACGAGCTT-1	6.173854903672149e-12	0.9999999999938262	2.0657965731613023e-18
TCATCCCTCGCCTT-1	1.1533026210981434e-41	3.960982245020745e-39	1.0
TCATTGACATTCTC-1	2.944674273800554e-33	1.0	1.033696000966279e-31
TCCCAGACTGATGC-1	0.0	0.0	1.0
TCCCATCTTCTACT-1	0.0	0.0	1.0
TCCGAAGACCTCAC-1	0.0	0.0	1.0
TCCGAAGATGCCCT-1	5.443330624193635e-27	1.0	1.5826557461522065e-20
TCCGAGCTCCTACC-1	8.46452425541855e-12	0.9999999999876896	3.8458419914408525e-12
TCGACCTGGTTGCA-1	0.9999999997278223	4.909994273234954e-20	2.7217770373626696e-10
TCGCAGCTAGCTCA-1	2.4824736067181888e-23	1.0	6.812209668299788e-17
TCGTGAGAAGCGGA-1	6.938927610545425e-06	1.2322488357610031e-16	0.9999930610723894
TCTCAAACCCTCGT-1	0.0	0.0	1.0
TGACACGACCTTAT-1	0.9999996919609851	5.5318911574338716e-17	3.0803901495186817e-07
TGACACGACGAACT-1	0.9999999999999936	3.1313642231358444e-21	6.485583737224674e-15
TGACCAGAGCGAAG-1	1.4791739599245186e-19	2.6220285274114803e-30	1.0
TGATATGAGGATCT-1	1.2147264271249274e-12	0.9999999999987852	2.098243142181729e-19
TGATATGATTACCT-1	6.869639968133324e-16	0.9999999999999993	4.4891489809370346e-24
TGATTAGAGGAGGT-1	3.002608661136323e-16	2.6433258957365218e-20	0.9999999999999998
TGCGTAGAACTCAG-1	0.9999999994764391	1.4503664491990002e-13	5.234157837925691e-10
TGCTAGGACAACTG-1	1.7181882345765056e-07	0.9999998281811464	3.014702468041303e-14
TGTAATGAAGAGGC-1	5.063121736635667e-25	1.4755665839221585e-22	1.0
TGTACTTGTGTCCC-1	7.177425808435548e-09	0.9999999928225742	3.863639864133976e-19
TGTAGTCTGACAAA-1	2.1419579522212305e-11	0.9999999999785805	7.167073962733642e-18
TTACGTACACAGTC-1	0.0	0.0	1.0
TTAGAATGCTGTAG-1	0.0	0.0	1.0
TTAGACCTGCGAGA-1	5.46985490837699e-19	1.0	1.2714659463005127e-23
TTAGACCTTCGTAG-1	3.1164659871381756e-12	0.9999999999968835	5.468114827861345e-19
TTCAACACCCACAA-1	0.0	0.0	1.0
TTCAGTTGCTTCCG-1	1.3668365712941768e-12	0.9999999999986331	2.367301818064559e-19
TTCTCAGAATGCTG-1	7.654944698537177e-18	9.394100526602915e-22	1.0
TTCTGATGACTACG-1	2.310693280564866e-09	0.9999999976893063	4.044798861145631e-16
TTGAGGACTGCTGA-1	1.0616281701740852e-18	1.904694790523459e-29	1.0
TTGATCTGACAGTC-1	2.164989115717981e-19	3.652055018554498e-30	1.0
TTGGTACTTCGTGA-1	1.4963547717124018e-27	5.743128247376833e-25	1.0
TTTCACGAGGGACA-1	1.058162367244289e-25	1.0	4.8077794304317876e-26
TTTCAGTGGCGAAG-1	0.0	1.0	0.0
